,,,,,,,,,,,,,,,,,,,,,,,,,
"Stock Market Data Used in ""Irrational Exuberance"" Princeton University Press, 2000, 2005, 2015, updated",,,,,,,,,,,,Cyclically,,Cyclically ,,,,,,,,,,,
Robert J. Shiller ,,,,,,,,,,,,Adjusted,,Adjusted,,,,,,,,,,,
,,,,,,,,,,,,Price,,Total Return Price,,,,,,,,,,,
,,,,  Consumer,,,,, Real ,, Real ,Earnings,,Earnings,,,Monthly,Real,,,,,,,
,S&P,,,Price,,Long,,, Total ,, TR ,Ratio,,Ratio,,Excess,Total,Total,10 Year,10 Year,Real 10 Year,,,,
,Comp.,Dividend,Earnings,Index,Date  ,Interest,Real,Real, Return ,Real, Scaled ,P/E10 or,,TR P/E10 or,,CAPE,Bond,Bond,Annualized Stock,Annualized Bonds ,Excess Annualized ,,,,
Date,P,D,E,CPI,Fraction,Rate GS10,Price,Dividend, Price ,Earnings, Earnings ,CAPE,,TR CAPE,,Yield,Returns,Returns,Real Return,Real Return,Returns,,,,
1871.01,4.44,0.26,0.40,12.46,1871.04,5.32,112.46,6.59, 112.46 ,10.13, 10.13 ,NA,,NA,,,1.00,1.00,13.06%,9.25%,3.81%,,,,
1871.02,4.50,0.26,0.40,12.84,1871.13,5.32,110.60,6.39, 111.13 ,9.83, 9.88 ,NA,,NA,,,1.00,0.97,13.09%,9.46%,3.62%,,,,
1871.03,4.61,0.26,0.40,13.03,1871.21,5.33,111.65,6.30, 112.71 ,9.69, 9.78 ,NA,,NA,,,1.00,0.96,13.10%,9.62%,3.48%,,,,
1871.04,4.74,0.26,0.40,12.56,1871.29,5.33,119.14,6.54, 120.83 ,10.05, 10.20 ,NA,,NA,,,1.00,1.00,12.21%,9.10%,3.11%,,,,
1871.05,4.86,0.26,0.40,12.27,1871.38,5.33,125.00,6.69, 127.34 ,10.29, 10.48 ,NA,,NA,,,1.00,1.03,12.26%,8.95%,3.31%,,,,
1871.06,4.82,0.26,0.40,12.08,1871.46,5.34,125.93,6.79, 128.85 ,10.45, 10.69 ,NA,,NA,,,1.00,1.05,12.31%,8.77%,3.54%,,,,
1871.07,4.73,0.26,0.40,12.08,1871.54,5.34,123.57,6.79, 127.03 ,10.45, 10.74 ,NA,,NA,,,1.00,1.06,12.00%,8.66%,3.34%,,,,
1871.08,4.79,0.26,0.40,11.89,1871.63,5.34,127.14,6.90, 131.29 ,10.62, 10.96 ,NA,,NA,,,1.00,1.08,11.19%,8.27%,2.93%,,,,
1871.09,4.84,0.26,0.40,12.18,1871.71,5.35,125.46,6.74, 130.13 ,10.37, 10.75 ,NA,,NA,,,1.00,1.06,11.00%,8.10%,2.90%,,,,
1871.1,4.59,0.26,0.40,12.37,1871.79,5.35,117.15,6.64, 122.08 ,10.21, 10.64 ,NA,,NA,,,1.00,1.05,11.48%,8.17%,3.31%,,,,
1871.11,4.64,0.26,0.40,12.37,1871.88,5.35,118.43,6.64, 123.99 ,10.21, 10.69 ,NA,,NA,,,1.00,1.05,11.53%,8.26%,3.27%,,,,
1871.12,4.74,0.26,0.40,12.65,1871.96,5.36,118.25,6.49, 124.37 ,9.98, 10.50 ,NA,,NA,,,1.00,1.03,11.21%,8.50%,2.71%,,,,
1872.01,4.86,0.26,0.40,12.65,1872.04,5.36,121.24,6.57, 128.09 ,10.04, 10.61 ,NA,,NA,,,1.00,1.04,10.77%,8.49%,2.28%,,,,
1872.02,4.88,0.27,0.41,12.65,1872.13,5.38,121.74,6.65, 129.21 ,10.10, 10.72 ,NA,,NA,,,1.00,1.04,10.38%,8.39%,1.98%,,,,
1872.03,5.04,0.27,0.41,12.84,1872.21,5.40,123.87,6.64, 132.05 ,10.02, 10.68 ,NA,,NA,,,1.00,1.03,10.17%,8.55%,1.62%,,,,
1872.04,5.18,0.27,0.41,13.13,1872.29,5.42,124.54,6.57, 133.35 ,9.86, 10.56 ,NA,,NA,,,1.00,1.01,10.01%,8.69%,1.32%,,,,
1872.05,5.18,0.28,0.41,13.13,1872.38,5.43,124.54,6.65, 133.95 ,9.92, 10.67 ,NA,,NA,,,1.00,1.01,9.78%,8.59%,1.19%,,,,
1872.06,5.13,0.28,0.42,13.03,1872.46,5.45,124.24,6.78, 134.23 ,10.05, 10.86 ,NA,,NA,,,1.00,1.02,9.65%,8.41%,1.24%,,,,
1872.07,5.10,0.28,0.42,12.84,1872.54,5.47,125.35,6.96, 136.05 ,10.26, 11.14 ,NA,,NA,,,1.00,1.04,10.25%,8.35%,1.90%,,,,
1872.08,5.04,0.29,0.42,12.94,1872.63,5.49,122.96,6.99, 134.09 ,10.25, 11.17 ,NA,,NA,,,1.00,1.04,10.68%,8.32%,2.36%,,,,
1872.09,4.95,0.29,0.42,13.03,1872.71,5.51,119.88,7.02, 131.38 ,10.23, 11.21 ,NA,,NA,,,1.00,1.03,11.37%,8.70%,2.67%,,,,
1872.1,4.97,0.29,0.43,12.75,1872.79,5.53,123.06,7.26, 135.52 ,10.52, 11.59 ,NA,,NA,,,1.00,1.06,10.87%,8.56%,2.31%,,,,
1872.11,4.95,0.30,0.43,13.13,1872.88,5.54,119.01,7.13, 131.72 ,10.28, 11.38 ,NA,,NA,,,1.00,1.03,10.86%,8.98%,1.88%,,,,
1872.12,5.07,0.30,0.43,12.94,1872.96,5.56,123.69,7.32, 137.57 ,10.49, 11.67 ,NA,,NA,,,1.00,1.05,10.59%,8.92%,1.67%,,,,
1873.01,5.11,0.30,0.43,12.94,1873.04,5.58,124.67,7.38, 139.34 ,10.55, 11.79 ,NA,,NA,,,1.01,1.05,10.44%,8.91%,1.52%,,,,
1873.02,5.15,0.31,0.44,13.23,1873.13,5.57,122.93,7.28, 138.08 ,10.38, 11.66 ,NA,,NA,,,1.01,1.03,10.24%,9.02%,1.21%,,,,
1873.03,5.11,0.31,0.44,13.23,1873.21,5.56,121.98,7.34, 137.69 ,10.44, 11.79 ,NA,,NA,,,1.01,1.04,10.56%,9.10%,1.46%,,,,
1873.04,5.04,0.31,0.44,13.23,1873.29,5.55,120.31,7.40, 136.50 ,10.50, 11.92 ,NA,,NA,,,1.01,1.05,11.04%,9.18%,1.86%,,,,
1873.05,5.05,0.31,0.44,12.94,1873.38,5.54,123.20,7.62, 140.51 ,10.80, 12.31 ,NA,,NA,,,1.01,1.07,10.69%,9.03%,1.66%,,,,
1873.06,4.98,0.32,0.45,12.56,1873.46,5.53,125.18,7.92, 143.52 ,11.19, 12.82 ,NA,,NA,,,1.01,1.11,10.93%,9.00%,1.93%,,,,
1873.07,4.97,0.32,0.45,12.56,1873.54,5.53,124.93,7.98, 143.99 ,11.25, 12.96 ,NA,,NA,,,1.01,1.12,11.00%,9.20%,1.80%,,,,
1873.08,4.97,0.32,0.45,12.56,1873.63,5.52,124.93,8.04, 144.76 ,11.31, 13.11 ,NA,,NA,,,1.01,1.12,10.48%,9.17%,1.31%,,,,
1873.09,4.59,0.32,0.45,12.56,1873.71,5.51,115.37,8.11, 134.48 ,11.37, 13.26 ,NA,,NA,,,1.01,1.13,11.59%,9.26%,2.33%,,,,
1873.1,4.19,0.33,0.46,12.27,1873.79,5.50,107.77,8.36, 126.43 ,11.70, 13.73 ,NA,,NA,,,1.01,1.16,12.02%,8.99%,3.04%,,,,
1873.11,4.04,0.33,0.46,11.89,1873.88,5.49,107.24,8.69, 126.65 ,12.14, 14.34 ,NA,,NA,,,1.01,1.21,12.34%,8.73%,3.61%,,,,
1873.12,4.42,0.33,0.46,12.18,1873.96,5.48,114.57,8.55, 136.16 ,11.92, 14.17 ,NA,,NA,,,1.01,1.18,11.23%,8.85%,2.37%,,,,
1874.01,4.66,0.33,0.46,12.37,1874.04,5.47,118.94,8.42, 142.18 ,11.74, 14.03 ,NA,,NA,,,1.01,1.17,10.47%,9.00%,1.47%,,,,
1874.02,4.80,0.33,0.46,12.37,1874.13,5.44,122.51,8.42, 147.29 ,11.74, 14.11 ,NA,,NA,,,1.01,1.18,10.43%,8.96%,1.47%,,,,
1874.03,4.73,0.33,0.46,12.37,1874.21,5.40,120.72,8.42, 145.98 ,11.74, 14.20 ,NA,,NA,,,1.01,1.19,10.54%,8.92%,1.62%,,,,
1874.04,4.60,0.33,0.46,12.18,1874.29,5.37,119.24,8.55, 145.05 ,11.92, 14.51 ,NA,,NA,,,1.01,1.22,10.39%,8.95%,1.44%,,,,
1874.05,4.48,0.33,0.46,12.08,1874.38,5.34,117.04,8.62, 143.25 ,12.02, 14.71 ,NA,,NA,,,1.01,1.23,9.89%,9.06%,0.84%,,,,
1874.06,4.46,0.33,0.46,11.80,1874.46,5.30,119.34,8.83, 146.96 ,12.31, 15.16 ,NA,,NA,,,1.01,1.27,9.22%,8.76%,0.46%,,,,
1874.07,4.46,0.33,0.46,11.89,1874.54,5.27,118.38,8.76, 146.69 ,12.21, 15.13 ,NA,,NA,,,1.01,1.27,9.43%,8.93%,0.50%,,,,
1874.08,4.47,0.33,0.46,11.80,1874.63,5.24,119.61,8.83, 149.11 ,12.31, 15.35 ,NA,,NA,,,1.01,1.29,9.98%,8.81%,1.17%,,,,
1874.09,4.54,0.33,0.46,11.80,1874.71,5.20,121.48,8.83, 152.37 ,12.31, 15.44 ,NA,,NA,,,1.01,1.30,9.57%,8.89%,0.68%,,,,
1874.1,4.53,0.33,0.46,11.61,1874.79,5.17,123.20,8.97, 155.46 ,12.51, 15.79 ,NA,,NA,,,1.01,1.33,9.17%,8.80%,0.37%,,,,
1874.11,4.57,0.33,0.46,11.51,1874.88,5.14,125.31,9.05, 159.08 ,12.61, 16.01 ,NA,,NA,,,1.01,1.35,9.01%,8.92%,0.09%,,,,
1874.12,4.54,0.33,0.46,11.51,1874.96,5.10,124.49,9.05, 158.99 ,12.61, 16.11 ,NA,,NA,,,1.01,1.36,9.18%,9.01%,0.17%,,,,
1875.01,4.54,0.33,0.45,11.51,1875.04,5.07,124.49,8.98, 159.95 ,12.39, 15.91 ,NA,,NA,,,1.01,1.37,8.92%,8.97%,-0.05%,,,,
1875.02,4.53,0.33,0.44,11.51,1875.13,5.03,124.22,8.91, 160.55 ,12.16, 15.71 ,NA,,NA,,,1.01,1.38,9.15%,8.81%,0.34%,,,,
1875.03,4.59,0.32,0.44,11.51,1875.21,4.99,125.86,8.84, 163.63 ,11.93, 15.51 ,NA,,NA,,,1.01,1.39,9.28%,9.03%,0.25%,,,,
1875.04,4.65,0.32,0.43,11.61,1875.29,4.95,126.46,8.70, 165.35 ,11.60, 15.17 ,NA,,NA,,,1.01,1.39,9.07%,8.95%,0.12%,,,,
1875.05,4.47,0.32,0.42,11.32,1875.38,4.91,124.63,8.85, 163.92 ,11.66, 15.34 ,NA,,NA,,,1.01,1.43,9.35%,8.90%,0.45%,,,,
1875.06,4.38,0.32,0.41,11.13,1875.46,4.87,124.21,8.93, 164.35 ,11.63, 15.38 ,NA,,NA,,,1.01,1.47,9.59%,8.94%,0.65%,,,,
1875.07,4.39,0.31,0.40,11.13,1875.54,4.83,124.49,8.86, 165.70 ,11.39, 15.16 ,NA,,NA,,,1.01,1.48,9.83%,8.77%,1.05%,,,,
1875.08,4.41,0.31,0.39,11.23,1875.63,4.79,124.00,8.72, 166.01 ,11.06, 14.81 ,NA,,NA,,,1.01,1.48,10.46%,8.83%,1.63%,,,,
1875.09,4.37,0.31,0.39,11.13,1875.71,4.75,123.93,8.72, 166.89 ,10.92, 14.70 ,NA,,NA,,,1.01,1.50,10.44%,8.83%,1.61%,,,,
1875.1,4.30,0.31,0.38,11.13,1875.79,4.71,121.94,8.65, 165.18 ,10.68, 14.47 ,NA,,NA,,,1.01,1.51,11.23%,8.80%,2.43%,,,,
1875.11,4.37,0.30,0.37,11.04,1875.88,4.67,125.00,8.65, 170.30 ,10.53, 14.35 ,NA,,NA,,,1.01,1.53,11.50%,8.54%,2.96%,,,,
1875.12,4.37,0.30,0.36,10.94,1875.96,4.63,126.08,8.66, 172.76 ,10.39, 14.23 ,NA,,NA,,,1.01,1.56,11.04%,8.16%,2.88%,,,,
1876.01,4.46,0.30,0.35,10.85,1876.04,4.59,129.81,8.73, 178.86 ,10.28, 14.17 ,NA,,NA,,,1.00,1.58,10.95%,8.28%,2.67%,,,,
1876.02,4.52,0.30,0.35,10.85,1876.13,4.58,131.55,8.73, 182.27 ,10.09, 13.98 ,NA,,NA,,,1.00,1.59,11.00%,8.25%,2.75%,,,,
1876.03,4.51,0.30,0.34,10.85,1876.21,4.57,131.26,8.73, 182.88 ,9.90, 13.79 ,NA,,NA,,,1.00,1.60,10.90%,8.35%,2.55%,,,,
1876.04,4.34,0.30,0.33,10.75,1876.29,4.56,127.43,8.81, 178.56 ,9.79, 13.71 ,NA,,NA,,,1.00,1.62,11.19%,8.35%,2.84%,,,,
1876.05,4.18,0.30,0.33,10.37,1876.38,4.54,127.24,9.13, 179.36 ,9.94, 14.02 ,NA,,NA,,,1.00,1.69,11.24%,8.20%,3.04%,,,,
1876.06,4.15,0.30,0.32,10.09,1876.46,4.53,129.90,9.39, 184.21 ,10.02, 14.20 ,NA,,NA,,,1.00,1.74,11.62%,8.00%,3.62%,,,,
1876.07,4.10,0.30,0.31,10.09,1876.54,4.52,128.34,9.39, 183.10 ,9.81, 13.99 ,NA,,NA,,,1.00,1.75,11.76%,7.83%,3.93%,,,,
1876.08,3.93,0.30,0.31,10.18,1876.62,4.51,121.87,9.30, 174.98 ,9.51, 13.66 ,NA,,NA,,,1.00,1.74,12.25%,7.77%,4.48%,,,,
1876.09,3.69,0.30,0.30,10.28,1876.71,4.50,113.36,9.22, 163.87 ,9.22, 13.32 ,NA,,NA,,,1.00,1.74,13.32%,7.84%,5.48%,,,,
1876.1,3.67,0.30,0.29,10.47,1876.79,4.49,110.70,9.05, 161.11 ,8.85, 12.88 ,NA,,NA,,,1.00,1.71,13.84%,8.01%,5.83%,,,,
1876.11,3.60,0.30,0.29,10.56,1876.87,4.47,107.61,8.97, 157.70 ,8.57, 12.56 ,NA,,NA,,,1.00,1.71,14.39%,8.07%,6.32%,,,,
1876.12,3.58,0.30,0.28,10.75,1876.96,4.46,105.12,8.81, 155.12 ,8.22, 12.13 ,NA,,NA,,,1.00,1.68,14.18%,8.10%,6.08%,,,,
1877.01,3.55,0.29,0.28,10.94,1877.04,4.45,102.42,8.39, 152.18 ,8.13, 12.08 ,NA,,NA,,,1.00,1.66,14.04%,8.00%,6.04%,,,,
1877.02,3.34,0.28,0.28,10.66,1877.12,4.44,98.95,8.35, 148.05 ,8.39, 12.56 ,NA,,NA,,,1.00,1.71,14.18%,7.56%,6.61%,,,,
1877.03,3.17,0.27,0.29,10.18,1877.21,4.43,98.30,8.45, 148.13 ,8.84, 13.32 ,NA,,NA,,,1.00,1.80,14.47%,7.05%,7.43%,,,,
1877.04,2.94,0.26,0.29,10.47,1877.29,4.42,88.68,7.94, 134.64 ,8.65, 13.13 ,NA,,NA,,,1.00,1.76,15.87%,7.32%,8.56%,,,,
1877.05,2.94,0.25,0.29,10.66,1877.37,4.41,87.10,7.53, 133.18 ,8.54, 13.06 ,NA,,NA,,,1.00,1.74,16.23%,7.48%,8.75%,,,,
1877.06,2.73,0.25,0.29,10.09,1877.46,4.40,85.45,7.67, 131.65 ,9.08, 13.98 ,NA,,NA,,,1.00,1.84,16.21%,6.99%,9.21%,,,,
1877.07,2.85,0.24,0.29,10.18,1877.54,4.40,88.38,7.31, 137.09 ,9.05, 14.03 ,NA,,NA,,,1.00,1.83,15.63%,7.20%,8.43%,,,,
1877.08,3