14.24,,4.54%,1.00,13.39,8.21%,0.19%,8.02%,,,,
1935.04,9.04,0.45,0.76,13.80,1935.29,2.76,206.80,10.22," 6,187.74 ",17.31, 517.93 ,11.10,,15.20,,4.07%,1.00,13.34,7.77%,0.26%,7.51%,,,,
1935.05,9.75,0.44,0.78,13.80,1935.37,2.74,223.04,10.14," 6,699.01 ",17.92, 538.21 ,11.99,,16.40,,3.37%,1.00,13.38,7.29%,0.20%,7.09%,,,,
1935.06,10.12,0.44,0.81,13.70,1935.46,2.73,233.20,10.14," 7,029.36 ",18.66, 562.63 ,12.54,,17.14,,2.82%,1.00,13.53,6.89%,0.02%,6.87%,,,,
1935.07,10.65,0.44,0.79,13.70,1935.54,2.72,245.41,10.14," 7,422.96 ",18.28, 552.95 ,13.20,,18.02,,2.33%,1.00,13.57,6.13%,0.02%,6.11%,,,,
1935.08,11.37,0.44,0.78,13.70,1935.62,2.71,262.00,10.14," 7,950.35 ",17.90, 543.08 ,14.11,,19.22,,1.85%,1.00,13.61,5.48%,0.02%,5.46%,,,,
1935.09,11.61,0.44,0.76,13.70,1935.71,2.70,267.53,10.14," 8,143.81 ",17.51, 533.10 ,14.42,,19.62,,1.71%,1.00,13.66,5.96%,0.02%,5.94%,,,,
1935.1,11.92,0.45,0.76,13.70,1935.79,2.69,274.67,10.37," 8,387.56 ",17.51, 534.78 ,14.83,,20.14,,1.53%,1.00,13.70,6.11%,0.02%,6.10%,,,,
1935.11,13.04,0.46,0.76,13.80,1935.87,2.67,298.30,10.52," 9,135.94 ",17.39, 532.46 ,16.13,,21.87,,0.90%,1.00,13.65,5.58%,0.09%,5.49%,,,,
1935.12,13.04,0.47,0.76,13.80,1935.96,2.66,298.30,10.75," 9,163.38 ",17.39, 534.06 ,16.16,,21.87,,0.96%,1.00,13.69,5.70%,0.03%,5.67%,,,,
1936.01,13.76,0.48,0.77,13.80,1936.04,2.65,314.77,10.98," 9,697.45 ",17.61, 542.66 ,17.09,,23.08,,0.63%,1.00,13.74,5.55%,0.03%,5.52%,,,,
1936.02,14.55,0.49,0.78,13.80,1936.12,2.65,332.85,11.21," 10,282.98 ",17.84, 551.25 ,18.10,,24.41,,0.30%,1.00,13.76,5.05%,0.08%,4.97%,,,,
1936.03,14.86,0.50,0.79,13.70,1936.21,2.66,342.42,11.52," 10,608.39 ",18.20, 563.97 ,18.66,,25.10,,0.12%,1.00,13.89,4.33%,-0.11%,4.44%,,,,
1936.04,14.88,0.52,0.82,13.70,1936.29,2.66,342.88,11.91," 10,653.40 ",18.90, 587.08 ,18.72,,25.13,,0.05%,1.00,13.92,4.91%,-0.17%,5.08%,,,,
1936.05,14.09,0.53,0.85,13.70,1936.37,2.66,324.68,12.29," 10,119.62 ",19.59, 610.48 ,17.75,,23.79,,0.39%,1.00,13.95,5.45%,-0.23%,5.68%,,,,
1936.06,14.69,0.55,0.88,13.80,1936.46,2.66,336.05,12.58," 10,506.77 ",20.13, 629.41 ,18.39,,24.60,,0.32%,1.00,13.87,4.91%,-0.27%,5.17%,,,,
1936.07,15.56,0.57,0.90,13.90,1936.54,2.67,353.39,12.95," 11,082.69 ",20.44, 641.03 ,19.36,,25.84,,0.22%,1.00,13.80,3.49%,-0.77%,4.26%,,,,
1936.08,15.87,0.59,0.92,14.00,1936.62,2.67,357.86,13.30," 11,257.52 ",20.75, 652.61 ,19.62,,26.13,,0.28%,1.00,13.73,2.95%,-0.91%,3.85%,,,,
1936.09,16.05,0.61,0.94,14.00,1936.71,2.67,361.91,13.76," 11,421.26 ",21.20, 668.91 ,19.86,,26.40,,0.16%,1.00,13.76,1.11%,-1.01%,2.12%,,,,
1936.1,16.89,0.65,0.97,14.00,1936.79,2.67,380.86,14.58," 12,057.36 ",21.80, 690.08 ,20.91,,27.73,,-0.15%,1.00,13.79,0.18%,-1.21%,1.39%,,,,
1936.11,17.36,0.68,0.99,14.00,1936.87,2.68,391.45,15.41," 12,433.53 ",22.40, 711.44 ,21.50,,28.45,,-0.34%,1.00,13.81,-0.36%,-1.45%,1.08%,,,,
1936.12,17.06,0.72,1.02,14.00,1936.96,2.68,384.69,16.24," 12,261.64 ",23.00, 733.11 ,21.13,,27.90,,-0.26%,1.00,13.84,0.02%,-1.54%,1.56%,,,,
1937.01,17.59,0.73,1.05,14.10,1937.04,2.68,393.83,16.34," 12,596.32 ",23.51, 751.91 ,21.62,,28.50,,-0.19%,1.00,13.77,-0.16%,-1.48%,1.32%,,,,
1937.02,18.11,0.74,1.08,14.10,1937.12,2.67,405.47,16.57," 13,012.86 ",24.18, 776.03 ,22.24,,29.26,,-0.26%,1.00,13.81,-0.07%,-1.51%,1.44%,,,,
1937.03,18.09,0.75,1.11,14.20,1937.21,2.66,402.17,16.67," 12,951.54 ",24.68, 794.70 ,22.04,,28.93,,-0.08%,1.00,13.76,-0.58%,-1.64%,1.06%,,,,
1937.04,17.01,0.78,1.13,14.30,1937.29,2.65,375.52,17.22," 12,139.36 ",24.95, 806.44 ,20.56,,26.93,,0.33%,1.00,13.71,-0.27%,-1.60%,1.33%,,,,
1937.05,16.25,0.81,1.15,14.40,1937.37,2.64,356.25,17.76," 11,564.28 ",25.21, 818.40 ,19.47,,25.47,,0.62%,1.00,13.65,0.08%,-1.56%,1.64%,,,,
1937.06,15.64,0.84,1.17,14.40,1937.46,2.63,342.87,18.42," 11,179.99 ",25.65, 836.35 ,18.71,,24.45,,0.73%,1.00,13.69,0.76%,-1.63%,2.39%,,,,
1937.07,16.57,0.82,1.19,14.50,1937.54,2.62,360.76,17.78," 11,811.41 ",25.84, 845.88 ,19.65,,25.63,,0.72%,1.00,13.64,0.77%,-1.67%,2.44%,,,,
1937.08,16.74,0.79,1.20,14.50,1937.62,2.61,364.46,17.27," 11,979.72 ",26.20, 861.14 ,19.81,,25.79,,0.75%,1.00,13.68,0.34%,-1.83%,2.16%,,,,
1937.09,14.37,0.77,1.22,14.60,1937.71,2.60,310.72,16.65," 10,258.83 ",26.38, 870.97 ,16.85,,21.91,,1.65%,1.00,13.63,1.46%,-2.00%,3.46%,,,,
1937.1,12.28,0.78,1.19,14.60,1937.79,2.59,265.52,16.87," 8,813.17 ",25.73, 854.05 ,14.36,,18.67,,2.63%,1.00,13.67,3.32%,-2.03%,5.34%,,,,
1937.11,11.20,0.79,1.16,14.50,1937.87,2.58,243.84,17.20," 8,141.08 ",25.26, 843.18 ,13.16,,17.11,,3.27%,1.00,13.81,4.02%,-2.16%,6.18%,,,,
1937.12,11.02,0.80,1.13,14.40,1937.96,2.57,241.59,17.54," 8,114.66 ",24.77, 832.08 ,13.01,,16.93,,3.30%,1.00,13.95,3.81%,-2.38%,6.18%,,,,
1938.01,11.31,0.79,1.08,14.20,1938.04,2.56,251.44,17.64," 8,494.87 ",23.94, 808.68 ,13.51,,17.59,,2.89%,1.00,14.19,3.11%,-2.66%,5.77%,,,,
1938.02,11.04,0.79,1.02,14.10,1938.12,2.54,247.18,17.61," 8,400.47 ",22.91, 778.66 ,13.26,,17.28,,3.09%,1.00,14.34,2.84%,-2.65%,5.50%,,,,
1938.03,10.31,0.78,0.97,14.10,1938.21,2.53,230.83,17.46," 7,894.47 ",21.72, 742.74 ,12.38,,16.14,,3.64%,1.00,14.39,3.73%,-2.62%,6.34%,,,,
1938.04,9.89,0.77,0.90,14.20,1938.29,2.51,219.87,17.04," 7,568.12 ",20.08, 691.26 ,11.79,,15.39,,4.13%,1.00,14.34,4.81%,-2.72%,7.53%,,,,
1938.05,9.98,0.75,0.84,14.10,1938.37,2.49,223.45,16.87," 7,739.53 ",18.73, 648.84 ,11.99,,15.68,,3.88%,1.00,14.49,5.08%,-2.83%,7.91%,,,,
1938.06,10.21,0.74,0.77,14.10,1938.46,2.48,228.59,16.57," 7,965.72 ",17.24, 600.74 ,12.29,,16.08,,3.75%,1.00,14.54,5.16%,-2.92%,8.08%,,,,
1938.07,12.24,0.71,0.72,14.10,1938.54,2.46,274.04,15.97," 9,595.88 ",16.12, 564.46 ,14.77,,19.33,,2.40%,1.00,14.59,2.89%,-3.05%,5.93%,,,,
1938.08,12.31,0.69,0.67,14.10,1938.62,2.44,275.61,15.37," 9,695.62 ",15.00, 527.71 ,14.90,,19.51,,2.36%,1.00,14.65,2.48%,-3.09%,5.57%,,,,
1938.09,11.75,0.66,0.62,14.10,1938.71,2.43,263.07,14.78," 9,297.87 ",13.88, 490.61 ,14.28,,18.69,,2.55%,1.00,14.70,2.84%,-3.10%,5.94%,,,,
1938.1,13.06,0.61,0.63,14.00,1938.79,2.41,294.49,13.76," 10,448.81 ",14.13, 501.37 ,16.06,,21.01,,1.78%,1.00,14.85,2.01%,-3.13%,5.14%,,,,
1938.11,13.07,0.56,0.63,14.00,1938.87,2.39,294.72,12.63," 10,494.15 ",14.28, 508.51 ,16.15,,21.10,,1.76%,1.00,14.90,1.52%,-3.06%,4.58%,,,,
1938.12,12.69,0.51,0.64,14.00,1938.96,2.38,286.15,11.50," 10,223.16 ",14.43, 515.59 ,15.76,,20.56,,1.99%,1.00,14.96,1.81%,-3.02%,4.83%,,,,
1939.01,12.50,0.51,0.66,14.00,1939.04,2.36,281.87,11.58," 10,104.56 ",14.96, 536.22 ,15.60,,20.32,,2.07%,1.00,15.01,2.14%,-2.99%,5.13%,,,,
1939.02,12.40,0.52,0.69,13.90,1939.12,2.35,281.62,11.73," 10,130.89 ",15.60, 561.01 ,15.66,,20.38,,1.99%,1.00,15.16,1.85%,-2.99%,4.84%,,,,
1939.03,12.39,0.52,0.71,13.90,1939.21,2.34,281.39,11.81," 10,158.12 ",16.13, 582.10 ,15.73,,20.43,,2.03%,1.00,15.21,1.98%,-3.00%,4.98%,,,,
1939.04,10.83,0.52,0.73,13.80,1939.29,2.32,247.75,11.97," 8,979.49 ",16.62, 602.50 ,13.92,,18.05,,2.86%,1.00,15.37,3.24%,-3.12%,6.36%,,,,
1939.05,11.23,0.53,0.74,13.80,1939.37,2.31,256.90,12.05," 9,347.53 ",17.00, 618.73 ,14.50,,18.78,,2.52%,1.00,15.41,2.85%,-3.09%,5.95%,,,,
1939.06,11.43,0.53,0.76,13.80,1939.46,2.30,261.47,12.12," 9,550.77 ",17.39, 635.05 ,14.83,,19.18,,2.32%,1.00,15.46,2.08%,-3.14%,5.22%,,,,
1939.07,11.71,0.54,0.78,13.80,1939.54,2.29,267.88,12.35," 9,822.34 ",17.77, 651.47 ,15.27,,19.71,,2.03%,1.00,15.51,2.50%,-3.07%,5.57%,,,,
1939.08,11.54,0.55,0.79,13.80,1939.62,2.27,263.99,12.58," 9,718.19 ",18.15, 668.09 ,15.12,,19.48,,2.11%,1.00,15.55,2.98%,-3.13%,6.11%,,,,
1939.09,12.77,0.56,0.81,14.10,1939.71,2.26,285.91,12.54," 10,563.66 ",18.14, 670.05 ,16.45,,21.15,,1.79%,1.00,15.27,2.27%,-2.97%,5.24%,,,,
1939.1,12.90,0.58,0.84,14.00,1939.79,2.25,290.88,13.08," 10,787.69 ",18.94, 702.45 ,16.82,,21.57,,1.60%,1.00,15.42,2.46%,-2.97%,5.43%,,,,
1939.11,12.67,0.60,0.87,14.00,1939.87,2.24,285.70,13.53," 10,637.17 ",19.62, 730.41 ,16.60,,21.24,,1.70%,1.00,15.47,2.76%,-3.02%,5.78%,,,,
1939.12,12.37,0.62,0.90,14.00,1939.96,2.22,278.93,13.98," 10,428.68 ",20.29, 758.76 ,16.28,,20.78,,1.88%,1.00,15.51,3.39%,-2.95%,6.33%,,,,
1940.01,12.30,0.62,0.93,13.90,1940.04,2.21,279.35,14.16," 10,488.37 ",21.12, 793.02 ,16.38,,20.86,,1.84%,1.00,15.67,3.64%,-2.99%,6.63%,,,,
1940.02,12.22,0.63,0.96,14.00,1940.12,2.19,275.55,14.13," 10,389.94 ",21.65, 816.23 ,16.22,,20.61,,2.06%,1.00,15.62,4.00%,-2.95%,6.95%,,,,
1940.03,12.15,0.63,0.99,14.00,1940.21,2.17,273.97,14.21," 10,375.06 ",22.32, 845.38 ,16.17,,20.51,,2.15%,1.00,15.68,4.11%,-3.03%,7.14%,,,,
1940.04,12.27,0.64,1.01,14.00,1940.29,2.15,276.68,14.36," 10,522.83 ",22.70, 863.33 ,16.37,,20.71,,2.04%,1.00,15.74,4.31%,-3.07%,7.38%,,,,
1940.05,10.58,0.64,1.02,14.00,1940.37,2.12,238.57,14.51," 9,119.45 ",23.08, 882.06 ,14.14,,17.86,,3.08%,1.00,15.80,6.18%,-3.14%,9.32%,,,,
1940.06,9.67,0.65,1.04,14.10,1940.46,2.10,216.50,14.55," 8,322.32 ",23.28, 895.06 ,12.84,,16.21,,3.95%,1.00,15.74,7.34%,-3.15%,10.48%,,,,
1940.07,9.99,0.66,1.05,14.00,1940.54,2.08,225.27,14.81," 8,706.57 ",23.75, 918.01 ,13.37,,16.86,,3.71%,1.00,15.91,5.98%,-3.37%,9.35%,,,,
1940.08,10.20,0.66,1.07,14.00,1940.62,2.06,230.00,14.96," 8,937.77 ",24.05, 934.67 ,13.65,,17.20,,3.64%,1.00,15.97,6.30%,-3.48%,9.78%,,,,
1940.09,10.63,0.67,1.08,14.00,1940.71,2.04,239.70,15.11," 9,363.48 ",24.35, 951.32 ,14.21,,17.89,,3.31%,1.00,16.03,6.19%,-3.56%,9.75%,,,,
1940.1,10.73,0.67,1.07,14.00,1940.79,2.02,241.95,15.11," 9,500.74 ",24.13, 947.42 ,14.33,,18.02,,3.33%,1.00,16.09,6.44%,-3.67%,10.11%,,,,
1940.11,10.98,0.67,1.06,14.00,1940.87,1.99,247.59,15.11," 9,771.54 ",23.90, 943.34 ,14.64,,18.39,,3.27%,1.00,16.15,6.14%,-3.74%,9.88%,,,,
1940.12,10.53,0.67,1.05,14.10,1940.96,1.97,235.76,15.00," 9,353.94 ",23.51, 932.73 ,13.91,,17.47,,3.90%,1.00,16.09,6.50%,-3.82%,10.32%,,,,
1941.01,10.55,0.67,1.05,14.10,1941.04,1.95,236.21,15.08," 9,421.55 ",23.58, 940.66 ,13.90,,17.46,,4.05%,1.00,16.15,7.08%,-4.00%,11.08%,,,,
1941.02,9.89,0.68,1.06,14.10,1941.12,1.99,221.43,15.15," 8,882.51 ",23.66, 949.03 ,13.00,,16.33,,4.63%,1.00,16.11,8.04%,-4.08%,12.12%,,,,
1941.03,9.95,0.68,1.06,14.20,1941.21,2.04,221.20,15.12," 8,924.00 ",23.57, 950.70 ,12.96,,16.27,,4.75%,1.00,15.96,7.83%,-4.02%,11.85%,,,,
1941.04,9.64,0.68,1.07,14.30,1941.29,2.08,212.81,15.09," 8,636.22 ",23.62, 958.58 ,12.43,,15.62,,5.17%,1.00,15.82,8.39%,-3.92%,12.31%,,,,
1941.05,9.43,0.69,1.