4,3.62,195.84,8.90, 598.05 ,11.90, 36.35 ,15.43,,19.55,,0.99%,1.00,4.20,8.55%,4.08%,4.47%,,,,
1891.02,4.90,0.22,0.30,7.90,1891.12,3.62,195.88,8.79, 600.41 ,11.92, 36.55 ,15.48,,19.59,,1.00%,1.00,4.16,8.96%,4.33%,4.63%,,,,
1891.03,4.81,0.22,0.30,7.99,1891.21,3.62,189.99,8.69, 584.59 ,11.95, 36.76 ,15.05,,19.04,,1.30%,1.00,4.12,9.67%,4.44%,5.23%,,,,
1891.04,4.97,0.22,0.31,8.09,1891.29,3.62,194.00,8.59, 599.13 ,11.97, 36.97 ,15.41,,19.47,,1.16%,1.00,4.09,10.46%,4.69%,5.78%,,,,
1891.05,4.95,0.22,0.31,7.99,1891.37,3.61,195.52,8.69, 606.06 ,12.28, 38.05 ,15.57,,19.66,,1.08%,1.00,4.15,9.80%,4.55%,5.25%,,,,
1891.06,4.85,0.22,0.32,7.80,1891.46,3.61,196.24,8.90, 610.60 ,12.75, 39.66 ,15.66,,19.76,,0.81%,1.00,4.26,10.80%,4.29%,6.51%,,,,
1891.07,4.77,0.22,0.32,7.71,1891.54,3.61,195.39,9.01, 610.27 ,13.08, 40.84 ,15.62,,19.69,,0.61%,1.00,4.33,9.94%,4.02%,5.92%,,,,
1891.08,4.93,0.22,0.32,7.71,1891.62,3.61,201.94,9.01, 633.09 ,13.24, 41.52 ,16.16,,20.36,,0.20%,1.00,4.34,9.59%,3.88%,5.71%,,,,
1891.09,5.33,0.22,0.33,7.61,1891.71,3.61,221.06,9.12, 695.40 ,13.58, 42.73 ,17.71,,22.28,,-0.83%,1.00,4.41,8.41%,3.61%,4.80%,,,,
1891.1,5.33,0.22,0.33,7.61,1891.79,3.61,221.06,9.12, 697.79 ,13.76, 43.43 ,17.72,,22.26,,-0.92%,1.00,4.42,8.29%,3.60%,4.69%,,,,
1891.11,5.25,0.22,0.34,7.52,1891.87,3.60,220.50,9.24, 698.45 ,14.10, 44.67 ,17.67,,22.19,,-0.93%,1.00,4.49,8.41%,3.33%,5.08%,,,,
1891.12,5.41,0.22,0.34,7.52,1891.96,3.60,227.22,9.24, 722.17 ,14.28, 45.39 ,18.21,,22.83,,-1.10%,1.00,4.51,7.78%,3.20%,4.59%,,,,
1892.01,5.51,0.22,0.34,7.33,1892.04,3.60,237.43,9.55, 757.15 ,14.76, 47.06 ,19.02,,23.82,,-1.58%,1.00,4.64,7.66%,3.04%,4.62%,,,,
1892.02,5.52,0.22,0.35,7.33,1892.12,3.61,237.86,9.62, 761.08 ,14.87, 47.57 ,19.04,,23.81,,-1.69%,1.00,4.65,7.74%,3.04%,4.69%,,,,
1892.03,5.58,0.23,0.35,7.14,1892.21,3.63,246.86,9.95, 792.53 ,15.37, 49.36 ,19.74,,24.66,,-2.14%,1.00,4.78,7.35%,2.77%,4.58%,,,,
1892.04,5.57,0.23,0.35,7.04,1892.29,3.64,249.74,10.16, 804.52 ,15.69, 50.55 ,19.94,,24.88,,-2.42%,1.00,4.86,7.45%,2.51%,4.95%,,,,
1892.05,5.57,0.23,0.35,7.04,1892.37,3.65,249.74,10.24, 807.27 ,15.81, 51.09 ,19.91,,24.81,,-2.51%,1.00,4.87,7.30%,2.38%,4.91%,,,,
1892.06,5.54,0.23,0.36,7.04,1892.46,3.66,248.40,10.31, 805.70 ,15.92, 51.63 ,19.77,,24.60,,-2.58%,1.00,4.88,7.16%,2.26%,4.90%,,,,
1892.07,5.54,0.23,0.36,7.23,1892.54,3.68,241.86,10.12, 787.23 ,15.61, 50.80 ,19.21,,23.88,,-2.10%,1.00,4.76,7.69%,2.53%,5.15%,,,,
1892.08,5.62,0.23,0.36,7.33,1892.62,3.69,242.17,10.05, 790.95 ,15.51, 50.67 ,19.20,,23.85,,-2.07%,1.00,4.70,8.08%,2.79%,5.29%,,,,
1892.09,5.48,0.24,0.36,7.33,1892.71,3.70,236.14,10.13, 774.00 ,15.62, 51.20 ,18.69,,23.19,,-1.68%,1.00,4.71,8.25%,2.67%,5.58%,,,,
1892.1,5.59,0.24,0.37,7.33,1892.79,3.71,240.88,10.20, 792.33 ,15.73, 51.74 ,19.04,,23.60,,-1.70%,1.00,4.72,6.96%,1.97%,4.98%,,,,
1892.11,5.57,0.24,0.37,7.52,1892.87,3.73,233.94,10.01, 772.25 ,15.43, 50.95 ,18.46,,22.86,,-1.21%,1.00,4.61,7.20%,2.57%,4.63%,,,,
1892.12,5.51,0.24,0.37,7.61,1892.96,3.74,228.52,9.95, 757.12 ,15.35, 50.84 ,18.01,,22.28,,-0.87%,1.00,4.57,7.08%,2.59%,4.50%,,,,
1893.01,5.61,0.24,0.36,7.90,1893.04,3.75,224.26,9.63, 745.65 ,14.42, 47.96 ,17.66,,21.82,,-0.41%,1.00,4.41,7.70%,2.85%,4.85%,,,,
1893.02,5.51,0.24,0.35,7.99,1893.12,3.75,217.64,9.55, 726.29 ,13.89, 46.36 ,17.13,,21.15,,-0.21%,1.00,4.37,7.95%,2.96%,4.99%,,,,
1893.03,5.31,0.24,0.34,7.80,1893.21,3.74,214.86,9.81, 719.73 ,13.86, 46.42 ,16.90,,20.86,,-0.27%,1.00,4.49,8.02%,3.04%,4.98%,,,,
1893.04,5.31,0.24,0.33,7.71,1893.29,3.74,217.51,9.97, 731.39 ,13.65, 45.91 ,17.10,,21.10,,-0.36%,1.00,4.57,7.43%,2.90%,4.53%,,,,
1893.05,4.84,0.24,0.32,7.61,1893.37,3.73,200.74,10.13, 677.83 ,13.45, 45.40 ,15.78,,19.47,,0.11%,1.00,4.64,8.33%,2.99%,5.34%,,,,
1893.06,4.61,0.25,0.32,7.42,1893.46,3.73,196.10,10.42, 665.10 ,13.40, 45.45 ,15.42,,19.03,,0.30%,1.00,4.77,7.96%,2.72%,5.24%,,,,
1893.07,4.18,0.25,0.31,7.23,1893.54,3.73,182.49,10.73, 621.97 ,13.35, 45.50 ,14.35,,17.73,,0.73%,1.00,4.92,8.22%,2.44%,5.79%,,,,
1893.08,4.08,0.25,0.30,6.95,1893.62,3.72,185.44,11.21, 635.22 ,13.49, 46.19 ,14.59,,18.03,,0.23%,1.00,5.14,7.69%,2.01%,5.68%,,,,
1893.09,4.37,0.25,0.29,7.23,1893.71,3.72,190.78,10.81, 656.60 ,12.55, 43.20 ,15.01,,18.57,,0.53%,1.00,4.95,7.00%,2.29%,4.70%,,,,
1893.1,4.50,0.25,0.28,7.33,1893.79,3.71,193.91,10.70, 670.42 ,11.99, 41.46 ,15.27,,18.90,,0.55%,1.00,4.90,6.59%,2.53%,4.06%,,,,
1893.11,4.57,0.25,0.27,7.14,1893.87,3.71,202.17,11.02, 702.18 ,11.91, 41.36 ,15.94,,19.74,,0.13%,1.00,5.05,6.31%,2.37%,3.94%,,,,
1893.12,4.41,0.25,0.26,7.04,1893.96,3.70,197.73,11.21, 690.00 ,11.66, 40.68 ,15.61,,19.34,,0.03%,1.00,5.14,7.02%,2.22%,4.81%,,,,
1894.01,4.32,0.25,0.25,6.85,1894.04,3.70,199.08,11.37, 698.00 ,11.60, 40.67 ,15.74,,19.52,,-0.28%,1.00,5.30,6.88%,1.69%,5.19%,,,,
1894.02,4.38,0.24,0.24,6.76,1894.12,3.68,204.69,11.37, 720.98 ,11.37, 40.05 ,16.20,,20.11,,-0.58%,1.00,5.40,6.04%,1.29%,4.76%,,,,
1894.03,4.51,0.24,0.24,6.57,1894.21,3.66,216.87,11.54, 767.29 ,11.30, 39.98 ,17.19,,21.34,,-1.19%,1.00,5.58,5.52%,1.09%,4.43%,,,,
1894.04,4.57,0.24,0.23,6.57,1894.29,3.64,219.75,11.38, 780.85 ,10.90, 38.74 ,17.43,,21.66,,-1.05%,1.00,5.61,5.76%,1.18%,4.58%,,,,
1894.05,4.40,0.23,0.22,6.57,1894.37,3.62,211.58,11.22, 755.13 ,10.50, 37.46 ,16.81,,20.90,,-0.61%,1.00,5.63,6.18%,1.39%,4.79%,,,,
1894.06,4.34,0.23,0.21,6.57,1894.46,3.60,208.69,11.06, 748.12 ,10.10, 36.20 ,16.61,,20.66,,-0.52%,1.00,5.66,6.34%,1.37%,4.97%,,,,
1894.07,4.25,0.23,0.20,6.57,1894.54,3.58,204.37,10.90, 735.86 ,9.70, 34.92 ,16.29,,20.29,,-0.28%,1.00,5.69,6.99%,1.34%,5.65%,,,,
1894.08,4.41,0.22,0.19,6.76,1894.62,3.56,206.09,10.44, 745.19 ,9.03, 32.66 ,16.46,,20.51,,-0.04%,1.00,5.55,7.13%,1.49%,5.64%,,,,
1894.09,4.48,0.22,0.19,6.85,1894.71,3.54,206.45,10.14, 749.56 ,8.53, 30.95 ,16.52,,20.61,,0.20%,1.00,5.50,7.45%,1.49%,5.95%,,,,
1894.1,4.34,0.22,0.18,6.66,1894.79,3.52,205.71,10.27, 749.99 ,8.38, 30.54 ,16.50,,20.60,,0.06%,1.00,5.68,8.09%,1.18%,6.91%,,,,
1894.11,4.34,0.21,0.17,6.66,1894.87,3.50,205.71,10.11, 753.06 ,7.98, 29.20 ,16.54,,20.67,,0.28%,1.00,5.71,8.41%,0.93%,7.48%,,,,
1894.12,4.30,0.21,0.16,6.57,1894.96,3.48,206.77,10.10, 760.01 ,7.69, 28.28 ,16.67,,20.86,,0.23%,1.00,5.82,8.45%,0.76%,7.68%,,,,
1895.01,4.25,0.21,0.17,6.57,1895.04,3.46,204.37,10.02, 754.24 ,8.05, 29.73 ,16.52,,20.69,,0.30%,1.00,5.85,8.80%,0.74%,8.06%,,,,
1895.02,4.19,0.21,0.18,6.57,1895.12,3.47,201.48,9.94, 746.65 ,8.42, 31.18 ,16.33,,20.47,,0.25%,1.00,5.86,9.41%,0.75%,8.65%,,,,
1895.03,4.19,0.21,0.18,6.57,1895.21,3.48,201.48,9.86, 749.70 ,8.78, 32.65 ,16.36,,20.53,,0.45%,1.00,5.87,9.83%,0.88%,8.94%,,,,
1895.04,4.37,0.20,0.19,6.85,1895.29,3.50,201.38,9.37, 752.23 ,8.76, 32.71 ,16.39,,20.58,,0.73%,1.00,5.63,9.69%,1.33%,8.36%,,,,
1895.05,4.61,0.20,0.20,6.95,1895.37,3.51,209.53,9.17, 785.52 ,8.98, 33.65 ,17.08,,21.46,,0.84%,1.00,5.57,8.82%,1.59%,7.23%,,,,
1895.06,4.70,0.20,0.21,7.04,1895.46,3.52,210.74,8.97, 792.84 ,9.19, 34.58 ,17.21,,21.63,,1.15%,1.00,5.50,8.88%,1.75%,7.14%,,,,
1895.07,4.72,0.20,0.21,6.95,1895.54,3.53,214.53,9.01, 809.94 ,9.66, 36.46 ,17.55,,22.06,,0.78%,1.00,5.59,9.02%,1.62%,7.40%,,,,
1895.08,4.79,0.20,0.22,6.85,1895.62,3.54,220.74,9.06, 836.22 ,10.14, 38.41 ,18.07,,22.73,,0.46%,1.00,5.68,8.98%,1.38%,7.60%,,,,
1895.09,4.82,0.20,0.23,6.85,1895.71,3.55,222.12,8.99, 844.30 ,10.48, 39.85 ,18.20,,22.89,,0.53%,1.00,5.69,9.06%,1.51%,7.56%,,,,
1895.1,4.75,0.19,0.24,6.85,1895.79,3.57,218.89,8.91, 834.86 ,10.83, 41.30 ,17.94,,22.57,,0.60%,1.00,5.70,9.37%,1.52%,7.85%,,,,
1895.11,4.59,0.19,0.24,6.85,1895.87,3.58,211.52,8.83, 809.54 ,11.18, 42.77 ,17.34,,21.81,,0.66%,1.00,5.71,9.56%,1.41%,8.14%,,,,
1895.12,4.32,0.19,0.25,6.76,1895.96,3.59,201.88,8.88, 775.49 ,11.68, 44.88 ,16.55,,20.82,,0.56%,1.00,5.80,10.20%,1.17%,9.03%,,,,
1896.01,4.27,0.19,0.25,6.66,1896.04,3.60,202.40,8.97, 780.33 ,11.69, 45.08 ,16.58,,20.86,,0.63%,1.00,5.90,10.54%,1.04%,9.50%,,,,
1896.02,4.45,0.19,0.24,6.57,1896.12,3.58,213.98,9.05, 827.92 ,11.70, 45.27 ,17.52,,22.04,,0.18%,1.00,6.01,9.84%,0.86%,8.98%,,,,
1896.03,4.38,0.19,0.24,6.57,1896.21,3.57,210.62,9.02, 817.81 ,11.54, 44.81 ,17.23,,21.69,,0.41%,1.00,6.04,9.74%,0.83%,8.91%,,,,
1896.04,4.42,0.19,0.24,6.47,1896.29,3.55,215.67,9.11, 840.36 ,11.55, 45.00 ,17.64,,22.20,,0.26%,1.00,6.15,9.33%,0.65%,8.67%,,,,
1896.05,4.40,0.19,0.23,6.37,1896.37,3.53,217.90,9.20, 852.03 ,11.55, 45.18 ,17.83,,22.43,,0.32%,1.00,6.27,8.80%,0.36%,8.44%,,,,
1896.06,4.32,0.19,0.23,6.28,1896.46,3.52,217.18,9.30, 852.24 ,11.56, 45.37 ,17.78,,22.37,,0.33%,1.00,6.39,8.97%,0.18%,8.79%,,,,
1896.07,4.04,0.18,0.23,6.28,1896.54,3.50,203.10,9.26, 800.03 ,11.40, 44.89 ,16.64,,20.93,,0.61%,1.00,6.42,9.78%,0.49%,9.30%,,,,
1896.08,3.81,0.18,0.22,6.28,1896.62,3.48,191.54,9.21, 757.51 ,11.23, 44.40 ,15.70,,19.76,,0.86%,1.00,6.45,10.96%,0.23%,10.73%,,,,
1896.09,4.01,0.18,0.22,6.28,1896.71,3.47,201.59,9.17, 800.30 ,11.06, 43.91 ,16.54,,20.82,,0.55%,1.00,6.48,10.60%,0.09%,10.51%,,,,
1896.1,4.10,0.18,0.22,6.47,1896.79,3.45,200.05,8.87, 797.13 ,10.57, 42.13 ,16.44,,20.69,,0.90%,1.00,6.31,10.10%,0.14%,9.96%,,,,
1896.11,4.38,0.18,0.21,6.66,1896.87,3.43,207.61,8.57, 830.08 ,10.11, 40.42 ,17.09,,21.51,,0.97%,1.00,6.16,9.80%,0.29%,9.51%,,,,
1896.12,4.22,0.18,0.21,6.66,1896.96,3.42,200.03,8.53, 802.60 ,9.95, 39.94 ,16.50,,20.77,,1.07%,1.00,6.19,9.99%,0.15%,9.83%,,,,
1897.01,4.22,0.18,0.22,6.47,1897.04,3.40,205.91,8.78, 829.14 ,10.65, 42.89 ,17.03,,21.43,,0.38%,1.00,6.40,9.47%,-0.06%,9.53%,,,,
1897.02,4.18,0.18,0.23,6.47,1897.12,3.40,203.96,8.78, 824.23 ,11.06, 44.70 ,16.89,,21.26,,0.32%,1.00,6.42,8.99%,-0.29%,9.28%,,,,
1897.03,4.19,0.18,0.24,6.47,1897.21,3.39,204.44,8.78, 829.16 ,11.47, 46.50 ,16.96,,21.33,,0.30%,1.00,6.44,7.96%,-0.20%,8.16%,,,,
1897.04,4.06,0.18,0.24,6.37,1897.29,3.39,201.06,8.91, 818.44 ,12.05, 49.05 ,16.70,,21.00,,0.25%,1.00,6.55,8.20%,-0.36%,8.56%,,,,
1897.05,4.08,0.18,0.25,6.28,1897.37,3.38,205.11,9.05, 838.00 ,12.65, 51.70 ,17.05,,21.44,,-0.02%,1.00,6.67,7.39%,-0.73%,8.12%,,,,
1897.06,4.27,0.18,0.26,6.28,1897.46,3.38,214.66,9.05, 880.11 ,13.07, 53.59 ,17.85,,22.43,,-0.16%,1.00,6.69,6.45%,-0.85%,7.30%,,,,
1897.07,4.46,0.18,0.27,6.28,1897.54,3.38,224.21,9.05, 922.36 ,13.49, 55.49 ,18.65,,23.42,,-0.28%,1.00,6.72,6.40%,-0.86%,7.26%,,,,
1897.08,4.75,0.18,0.28,6.57