,652,093.85 ",199.14," 128,956.99 ",28.23,,30.60,,2.54%,0.97,41.15,,,,,,,
2022.1,3726.05,65.85,182.40,298.01,2022.79,3.98,3947.07,69.76," 2,559,759.97 ",193.22," 125,309.28 ",27.08,,29.35,,2.28%,1.01,39.56,,,,,,,
2022.11,3917.49,66.39,177.58,297.71,2022.87,3.89,4154.06,70.39," 2,697,801.11 ",188.30," 122,289.20 ",28.38,,30.75,,2.24%,1.03,40.03,,,,,,,
2022.12,3912.38,66.92,172.75,296.80,2022.96,3.62,4161.42,71.18," 2,706,433.12 ",183.75," 119,501.74 ",28.32,,30.68,,2.51%,1.01,41.18,,,,,,,
2023.01,3960.66,67.35,173.56,299.17,2023.04,3.53,4179.35,71.07," 2,721,947.82 ",183.14," 119,276.23 ",28.33,,30.69,,2.65%,0.98,41.29,,,,,,,
2023.02,4079.68,67.78,174.36,300.84,2023.12,3.75,4281.05,71.13," 2,792,045.86 ",182.97," 119,330.40 ",28.92,,31.32,,2.33%,1.01,40.43,,,,,,,
2023.03,3968.56,68.21,175.17,301.84,2023.21,3.66,4150.70,71.34," 2,710,908.99 ",183.21," 119,658.02 ",27.94,,30.25,,2.55%,1.02,40.72,,,,,,,
2023.04,4121.47,68.38,177.12,303.36,2023.29,3.46,4288.93,71.15," 2,805,061.48 ",184.31," 120,545.21 ",28.76,,31.15,,2.71%,0.99,41.32,,,,,,,
2023.05,4146.17,68.54,179.06,304.13,2023.37,3.57,4303.80,71.15," 2,818,665.12 ",185.87," 121,731.43 ",28.76,,31.14,,2.61%,0.99,40.96,,,,,,,
2023.06,4345.37,68.71,181.01,305.11,2023.46,3.75,4496.05,71.09," 2,948,457.93 ",187.29," 122,820.39 ",29.94,,32.41,,2.30%,0.99,40.34,,,,,,,
2023.07,4508.08,68.91,182.09,305.69,2023.54,3.90,4655.52,71.16," 3,056,921.65 ",188.05," 123,475.05 ",30.89,,33.43,,2.06%,0.98,39.89,,,,,,,
2023.08,4457.36,69.11,183.17,307.03,2023.62,4.17,4583.13,71.06," 3,013,276.59 ",188.34," 123,827.12 ",30.30,,32.78,,1.89%,0.99,38.98,,,,,,,
2023.09,4409.10,69.31,184.25,307.79,2023.71,4.38,4522.26,71.09," 2,977,155.37 ",188.98," 124,411.22 ",29.80,,32.23,,1.75%,0.97,38.36,,,,,,,
2023.1,4269.40,69.64,186.98,307.67,2023.79,4.80,4380.66,71.46," 2,887,855.58 ",191.85," 126,472.45 ",28.77,,31.11,,1.47%,1.03,37.25,,,,,,,
2023.11,4460.06,69.97,189.70,307.05,2023.87,4.50,4585.53,71.94," 3,026,864.88 ",195.04," 128,743.99 ",30.01,,32.45,,1.63%,1.04,38.37,,,,,,,
2023.12,4685.05,70.30,192.43,306.75,2023.96,4.02,4821.64,72.35," 3,186,696.70 ",198.04," 130,887.79 ",31.45,,33.99,,1.95%,1.00,40.05,,,,,,,
2024.01,4815.61,70.48,192.08,308.42,2024.04,4.06,4929.16,72.14," 3,261,729.67 ",196.61," 130,102.60 ",32.05,,34.62,,1.86%,0.99,39.84,,,,,,,
2024.02,5011.96,70.65,191.74,310.33,2024.12,4.21,5098.58,71.87," 3,377,800.88 ",195.05," 129,220.52 ",33.04,,35.68,,1.65%,1.00,39.25,,,,,,,
2024.03,5170.57,70.82,191.39,312.33,2024.21,4.21,5226.15,71.59," 3,466,267.57 ",193.45," 128,304.74 ",33.75,,36.44,,1.58%,0.98,39.13,,,,,,,
2024.04,5112.49,71.21,193.18,313.55,2024.29,4.54,5147.40,71.69," 3,418,002.64 ",194.50," 129,152.21 ",33.14,,35.76,,1.31%,1.01,38.09,,,,,,,
2024.05,5235.23,71.59,194.97,314.07,2024.37,4.48,5262.23,71.96," 3,498,232.57 ",195.98," 130,281.00 ",33.77,,36.43,,1.30%,1.02,38.36,,,,,,,
2024.06,5415.14,71.98,196.76,314.18,2024.46,4.31,5441.24,72.32," 3,621,239.44 ",197.71," 131,578.32 ",34.81,,37.53,,1.36%,1.01,39.01,,,,,,,
2024.07,5538.00,72.45,197.93,314.54,2024.54,4.25,5558.23,72.72," 3,703,136.92 ",198.65," 132,351.26 ",35.44,,38.20,,1.39%,1.03,39.30,,,,,,,
2024.08,5478.21,72.93,199.10,314.80,2024.62,3.87,5493.75,73.13," 3,664,238.06 ",199.66," 133,172.91 ",34.92,,37.62,,1.84%,1.02,40.63,,,,,,,
2024.09,5621.26,73.40,200.27,315.30,2024.71,3.72,5628.18,73.49," 3,757,980.53 ",200.52," 133,886.48 ",35.66,,38.40,,1.94%,0.97,41.20,,,,,,,
2024.1,5792.32,73.88,,315.66,2024.79,4.10,5792.78,73.88," 3,871,996.64 ",,,36.59,,39.38,,1.52%,0.98,40.01,,,,,,,
2024.11,5929.92,74.35,,315.49,2024.87,4.36,5933.60,74.40," 3,970,268.60 ",,,37.44,,40.30,,1.25%,1.00,39.33,,,,,,,
2024.12,6010.91,74.83,,315.61,2024.96,4.39,6012.51,74.85," 4,027,241.27 ",,,37.90,,40.81,,1.25%,0.98,39.36,,,,,,,
2025.01,5979.52,,,315.66,2025.04,4.63,5980.05,," 4,005,497.54 ",,,37.65,,40.51,,1.08%,1.01,38.75,,,,,,,
2025.02,6037.88,,,315.69,2025.12,4.53,6037.88,," 4,044,235.43 ",,,37.97,,40.83,,1.11%,,39.20,,,,,,,