08,14.40,1941.37,2.12,206.73,15.05," 8,440.32 ",23.68, 966.65 ,12.04,,15.14,,5.58%,1.00,15.68,8.67%,-3.85%,12.52%,,,,
1941.06,9.76,0.69,1.09,14.70,1941.46,2.16,209.60,14.82," 8,607.83 ",23.41, 961.32 ,12.16,,15.31,,5.79%,1.00,15.33,8.33%,-3.62%,11.95%,,,,
1941.07,10.26,0.69,1.12,14.70,1941.54,2.21,220.34,14.89," 9,099.76 ",24.12, 996.30 ,12.74,,16.05,,5.37%,1.00,15.30,7.98%,-3.59%,11.57%,,,,
1941.08,10.21,0.70,1.16,14.90,1941.62,2.25,216.32,14.76," 8,984.66 ",24.51," 1,017.85 ",12.46,,15.70,,5.64%,1.00,15.06,8.64%,-3.43%,12.07%,,,,
1941.09,10.24,0.70,1.19,15.10,1941.71,2.29,214.08,14.63," 8,942.36 ",24.88," 1,039.20 ",12.28,,15.48,,5.92%,1.00,14.83,8.95%,-3.34%,12.29%,,,,
1941.1,9.83,0.70,1.18,15.30,1941.79,2.33,202.83,14.51," 8,522.62 ",24.35," 1,023.06 ",11.58,,14.60,,6.57%,1.00,14.61,9.43%,-3.22%,12.65%,,,,
1941.11,9.37,0.71,1.17,15.40,1941.87,2.38,192.08,14.49," 8,121.77 ",23.98," 1,014.14 ",10.91,,13.78,,7.26%,1.00,14.49,9.62%,-3.20%,12.82%,,,,
1941.12,8.76,0.71,1.16,15.50,1941.96,2.42,178.42,14.46," 7,595.00 ",23.63," 1,005.73 ",10.09,,12.76,,8.10%,1.00,14.37,10.71%,-3.14%,13.85%,,,,
1942.01,8.93,0.70,1.12,15.70,1942.04,2.46,179.56,14.14," 7,693.93 ",22.52, 964.97 ,10.10,,12.81,,8.38%,1.00,14.16,10.98%,-2.99%,13.97%,,,,
1942.02,8.65,0.70,1.08,15.80,1942.12,2.46,172.83,13.92," 7,455.22 ",21.58, 930.83 ,9.68,,12.30,,9.01%,1.00,14.10,11.27%,-2.86%,14.13%,,,,
1942.03,8.18,0.69,1.04,16.00,1942.21,2.46,161.40,13.61," 7,010.95 ",20.52, 891.37 ,9.00,,11.47,,9.99%,1.00,13.95,12.04%,-2.75%,14.79%,,,,
1942.04,7.84,0.68,1.02,16.10,1942.29,2.46,153.73,13.33," 6,726.07 ",20.00, 875.08 ,8.54,,10.92,,10.72%,1.00,13.89,12.49%,-2.73%,15.22%,,,,
1942.05,7.93,0.67,1.00,16.30,1942.37,2.46,153.58,12.98," 6,767.12 ",19.37, 853.36 ,8.51,,10.90,,11.05%,1.00,13.75,12.47%,-2.62%,15.09%,,,,
1942.06,8.33,0.66,0.98,16.30,1942.46,2.46,161.33,12.78," 7,155.40 ",18.98, 841.81 ,8.91,,11.44,,10.59%,1.00,13.78,12.16%,-2.66%,14.82%,,,,
1942.07,8.64,0.65,0.97,16.40,1942.54,2.47,166.31,12.45," 7,422.44 ",18.61, 830.44 ,9.15,,11.78,,10.35%,1.00,13.72,12.03%,-2.68%,14.72%,,,,
1942.08,8.59,0.63,0.95,16.50,1942.62,2.47,164.35,12.12," 7,379.83 ",18.24, 819.03 ,9.01,,11.63,,10.66%,1.00,13.67,12.20%,-2.63%,14.83%,,,,
1942.09,8.68,0.62,0.94,16.50,1942.71,2.47,166.07,11.86," 7,501.54 ",17.98, 812.38 ,9.08,,11.75,,10.65%,1.00,13.69,11.89%,-2.64%,14.53%,,,,
1942.1,9.32,0.61,0.97,16.70,1942.79,2.47,176.18,11.53," 8,001.59 ",18.34, 832.78 ,9.60,,12.44,,10.25%,1.00,13.56,10.99%,-2.53%,13.52%,,,,
1942.11,9.47,0.60,1.00,16.80,1942.87,2.47,177.95,11.27," 8,124.65 ",18.79, 857.94 ,9.66,,12.54,,10.32%,1.00,13.50,11.22%,-2.48%,13.70%,,,,
1942.12,9.52,0.59,1.03,16.90,1942.96,2.47,177.83,11.02," 8,161.15 ",19.24, 882.98 ,9.62,,12.50,,10.51%,1.00,13.45,11.66%,-2.43%,14.09%,,,,
1943.01,10.09,0.59,1.04,16.90,1943.04,2.47,188.48,11.02," 8,691.94 ",19.49, 898.77 ,10.15,,13.21,,10.12%,1.00,13.47,11.11%,-2.40%,13.51%,,,,
1943.02,10.69,0.59,1.06,16.90,1943.12,2.47,199.69,11.02," 9,251.16 ",19.74, 914.45 ,10.71,,13.95,,9.77%,1.00,13.50,10.37%,-2.33%,12.71%,,,,
1943.03,11.07,0.59,1.07,17.20,1943.21,2.47,203.18,10.83," 9,454.72 ",19.64, 913.87 ,10.85,,14.15,,9.91%,1.00,13.29,10.20%,-2.17%,12.37%,,,,
1943.04,11.44,0.59,1.08,17.40,1943.29,2.47,207.56,10.70," 9,699.94 ",19.59, 915.73 ,11.04,,14.40,,9.87%,1.00,13.17,9.41%,-2.10%,11.52%,,,,
1943.05,11.89,0.59,1.09,17.50,1943.37,2.47,214.49,10.64," 10,065.33 ",19.66, 922.73 ,11.36,,14.83,,9.67%,1.00,13.12,9.08%,-2.27%,11.34%,,,,
1943.06,12.10,0.59,1.10,17.50,1943.46,2.47,218.28,10.64," 10,284.73 ",19.84, 934.98 ,11.52,,15.03,,9.47%,1.00,13.14,8.46%,-2.35%,10.81%,,,,
1943.07,12.35,0.59,1.09,17.40,1943.54,2.48,224.07,10.76," 10,599.82 ",19.84, 938.39 ,11.77,,15.37,,8.90%,1.00,13.24,8.34%,-2.25%,10.59%,,,,
1943.08,11.74,0.60,1.09,17.30,1943.62,2.48,214.23,10.89," 10,177.43 ",19.83, 942.04 ,11.21,,14.65,,9.19%,1.00,13.35,8.84%,-2.35%,11.19%,,,,
1943.09,11.99,0.60,1.08,17.40,1943.71,2.48,217.54,10.89," 10,377.51 ",19.59, 934.76 ,11.34,,14.82,,9.15%,1.00,13.30,8.17%,-2.22%,10.39%,,,,
1943.1,11.88,0.60,1.03,17.40,1943.79,2.48,215.54,10.95," 10,325.82 ",18.75, 898.15 ,11.19,,14.63,,9.26%,1.00,13.32,8.56%,-2.08%,10.64%,,,,
1943.11,11.33,0.61,0.99,17.40,1943.87,2.48,205.56,11.01," 9,891.72 ",17.90, 861.42 ,10.63,,13.92,,9.73%,1.00,13.35,9.36%,-2.06%,11.42%,,,,
1943.12,11.48,0.61,0.94,17.40,1943.96,2.48,208.28,11.07," 10,067.06 ",17.05, 824.31 ,10.74,,14.07,,9.64%,1.00,13.38,9.37%,-1.98%,11.35%,,,,
1944.01,11.85,0.61,0.94,17.40,1944.04,2.48,215.00,11.13," 10,436.34 ",16.99, 824.93 ,11.05,,14.49,,9.37%,1.00,13.40,9.30%,-1.88%,11.18%,,,,
1944.02,11.77,0.62,0.93,17.40,1944.12,2.47,213.54,11.19," 10,411.14 ",16.93, 825.58 ,10.95,,14.37,,9.39%,1.00,13.44,9.61%,-1.88%,11.50%,,,,
1944.03,12.10,0.62,0.93,17.40,1944.21,2.46,219.53,11.25," 10,748.74 ",16.87, 826.14 ,11.22,,14.75,,9.17%,1.00,13.48,9.54%,-1.80%,11.35%,,,,
1944.04,11.89,0.62,0.93,17.50,1944.29,2.45,214.49,11.24," 10,547.72 ",16.72, 822.05 ,10.94,,14.39,,9.47%,1.00,13.44,10.27%,-1.65%,11.92%,,,,
1944.05,12.10,0.63,0.92,17.50,1944.37,2.44,218.28,11.30," 10,780.34 ",16.66, 822.63 ,11.10,,14.62,,9.35%,1.00,13.48,10.47%,-1.77%,12.23%,,,,
1944.06,12.67,0.63,0.92,17.60,1944.46,2.43,227.26,11.30," 11,270.54 ",16.50, 818.38 ,11.53,,15.20,,9.00%,1.00,13.44,10.11%,-1.73%,11.84%,,,,
1944.07,13.00,0.63,0.91,17.70,1944.54,2.43,231.86,11.30," 11,545.44 ",16.29, 811.14 ,11.74,,15.48,,8.92%,1.00,13.40,10.33%,-1.61%,11.94%,,,,
1944.08,12.81,0.64,0.91,17.70,1944.62,2.42,228.47,11.36," 11,423.82 ",16.17, 808.56 ,11.54,,15.23,,9.07%,1.00,13.44,10.70%,-1.67%,12.38%,,,,
1944.09,12.60,0.64,0.90,17.70,1944.71,2.41,224.73,11.41," 11,284.11 ",16.05, 806.01 ,11.33,,14.97,,9.09%,1.00,13.48,11.18%,-1.66%,12.84%,,,,
1944.1,12.91,0.64,0.91,17.70,1944.79,2.40,230.26,11.41," 11,609.50 ",16.23, 818.33 ,11.58,,15.32,,8.98%,1.00,13.52,11.16%,-1.71%,12.88%,,,,
1944.11,12.82,0.64,0.92,17.70,1944.87,2.39,228.65,11.41," 11,576.52 ",16.41, 830.76 ,11.48,,15.19,,9.07%,1.00,13.56,11.67%,-1.76%,13.43%,,,,
1944.12,13.10,0.64,0.93,17.80,1944.96,2.38,232.33,11.35," 11,810.80 ",16.49, 838.48 ,11.64,,15.41,,9.09%,1.00,13.52,12.02%,-1.70%,13.73%,,,,
1945.01,13.49,0.64,0.94,17.80,1945.04,2.37,239.25,11.41," 12,210.75 ",16.67, 850.86 ,11.96,,15.85,,8.72%,1.00,13.55,11.89%,-1.80%,13.69%,,,,
1945.02,13.94,0.65,0.95,17.80,1945.12,2.36,247.23,11.47," 12,666.86 ",16.85, 863.24 ,12.34,,16.36,,8.40%,1.00,13.60,11.89%,-1.84%,13.73%,,,,
1945.03,13.93,0.65,0.96,17.80,1945.21,2.34,247.05,11.53," 12,706.99 ",17.03, 875.72 ,12.32,,16.34,,8.43%,1.00,13.64,11.81%,-1.88%,13.68%,,,,
1945.04,14.28,0.65,0.97,17.80,1945.29,2.33,253.26,11.53," 13,075.67 ",17.26, 891.25 ,12.63,,16.75,,8.17%,1.00,13.69,11.90%,-1.95%,13.85%,,,,
1945.05,14.82,0.65,0.99,17.90,1945.37,2.31,261.37,11.46," 13,543.64 ",17.40, 901.69 ,13.04,,17.28,,8.00%,1.00,13.66,11.50%,-1.91%,13.41%,,,,
1945.06,15.09,0.65,1.00,18.10,1945.46,2.30,263.19,11.34," 13,686.96 ",17.44, 907.02 ,13.13,,17.39,,8.15%,1.00,13.55,12.05%,-1.83%,13.88%,,,,
1945.07,14.78,0.65,1.00,18.10,1945.54,2.28,257.78,11.40," 13,455.17 ",17.38, 907.33 ,12.87,,17.04,,8.32%,1.00,13.59,13.03%,-1.98%,15.01%,,,,
1945.08,14.83,0.66,0.99,18.10,1945.62,2.27,258.66,11.45," 13,550.50 ",17.33, 907.63 ,12.92,,17.09,,8.30%,1.00,13.64,12.92%,-2.04%,14.96%,,,,
1945.09,15.84,0.66,0.99,18.10,1945.71,2.25,276.27,11.51," 14,523.62 ",17.27, 907.73 ,13.80,,18.25,,7.82%,1.00,13.68,12.62%,-2.09%,14.71%,,,,
1945.1,16.50,0.66,0.98,18.10,1945.79,2.24,287.78,11.51," 15,179.20 ",17.09, 901.55 ,14.37,,19.00,,7.55%,1.00,13.73,11.59%,-2.02%,13.60%,,,,
1945.11,17.04,0.66,0.97,18.10,1945.87,2.22,297.20,11.51," 15,726.57 ",16.92, 895.23 ,14.85,,19.61,,7.26%,1.00,13.77,11.95%,-2.03%,13.99%,,,,
1945.12,17.33,0.66,0.96,18.20,1945.96,2.21,300.60,11.45," 15,956.82 ",16.65, 883.93 ,15.02,,19.82,,7.26%,1.00,13.74,11.97%,-2.01%,13.98%,,,,
1946.01,18.02,0.67,0.94,18.20,1946.04,2.19,312.57,11.56," 16,643.30 ",16.30, 868.19 ,15.62,,20.60,,7.02%,1.00,13.78,11.23%,-1.97%,13.20%,,,,
1946.02,18.07,0.67,0.92,18.10,1946.12,2.20,315.17,11.74," 16,833.79 ",16.05, 857.06 ,15.76,,20.77,,6.90%,1.00,13.88,11.21%,-1.96%,13.17%,,,,
1946.03,17.53,0.68,0.90,18.30,1946.21,2.20,302.41,11.73," 16,204.47 ",15.53, 831.95 ,15.13,,19.93,,7.34%,1.00,13.74,12.42%,-1.94%,14.36%,,,,
1946.04,18.66,0.68,0.88,18.40,1946.29,2.21,320.15,11.67," 17,207.38 ",15.10, 811.49 ,16.04,,21.10,,7.02%,1.00,13.69,11.87%,-2.10%,13.97%,,,,
1946.05,18.70,0.68,0.86,18.50,1946.37,2.21,319.10,11.60," 17,203.03 ",14.68, 791.16 ,16.01,,21.05,,7.08%,1.00,13.63,11.51%,-1.98%,13.49%,,,,
1946.06,18.58,0.68,0.84,18.70,1946.46,2.22,313.66,11.48," 16,961.40 ",14.18, 766.82 ,15.77,,20.71,,7.21%,1.00,13.51,11.55%,-1.88%,13.43%,,,,
1946.07,18.05,0.68,0.86,19.80,1946.54,2.22,287.79,10.89," 15,611.24 ",13.66, 740.92 ,14.51,,19.04,,8.27%,1.00,12.77,13.03%,-1.47%,14.50%,,,,
1946.08,17.70,0.69,0.87,20.20,1946.62,2.23,276.62,10.73," 15,053.90 ",13.65, 742.77 ,13.98,,18.34,,8.66%,1.00,12.54,13.45%,-1.41%,14.86%,,,,
1946.09,15.09,0.69,0.89,20.40,1946.71,2.23,233.52,10.68," 12,756.69 ",13.77, 752.38 ,11.84,,15.53,,10.05%,1.00,12.43,14.94%,-1.38%,16.32%,,,,
1946.1,14.75,0.70,0.95,20.80,1946.79,2.24,223.87,10.57," 12,277.60 ",14.37, 787.99 ,11.39,,14.93,,10.58%,1.00,12.21,15.23%,-1.17%,16.40%,,,,
1946.11,14.69,0.70,1.00,21.30,1946.87,2.24,217.72,10.42," 11,988.27 ",14.87, 818.80 ,11.11,,14.57,,11.05%,1.00,11.94,15.42%,-1.05%,16.47%,,,,
1946.12,15.13,0.71,1.06,21.50,1946.96,2.25,222.16,10.43," 12,280.32 ",15.56, 860.35 ,11.37,,14.90,,10.93%,1.00,11.85,15.31%,-1.06%,16.37%,,,,
1947.01,15.21,0.71,1.13,21.50,1947.04,2.25,223.33,10.47," 12,393.50 ",16.59, 920.75 ,11.47,,15.02,,10.78%,1.00,11.86,14.99%,-0.94%,15.92%,,,,
1947.02,15.80,0.72,1.20,21.50,1947.12,2.27,231.99,10.52," 12,922.91 ",17.62, 981.49 ,11.95,,15.64,,10.41%,1.00,11.87,14.00%,-0.85%,14.85%,,,,
1947.03,15.16,0.72,1.27,21.90,1947.21,2.28,218.53,10.38," 12,221.16 ",18.31," 1,023.80 ",11.29,,14.76,,11.01%,1.00,11.66,14.78%,-0.74%,15.52%,,,,
1947.04,14.60,0.73,1.33,21.90,1947.29,2.30,210.46,10.57," 11,818.98 ",19.12," 1,073.96 ",10.90,,14.24,,11.23%,1.00,11.66,15.42%,-0.81%,16.23%,,,,
1947.05,14.34,0.75,1.38,21.90,1947.37,2.31,206.71,10.76," 11,658.88 