.26,10.80,1916.54,4.14,269.80,14.78," 2,651.39 ",36.80, 361.66 ,11.79,,15.21,,7.04%,1.00,7.34,4.81%,0.04%,4.77%,,,,
1916.08,9.30,0.52,1.31,10.90,1916.62,4.16,269.35,14.96," 2,659.24 ",38.03, 375.44 ,11.73,,15.11,,6.93%,1.00,7.29,5.29%,0.22%,5.07%,,,,
1916.09,9.68,0.53,1.37,11.10,1916.71,4.17,275.30,15.00," 2,730.37 ",38.91, 385.86 ,11.94,,15.36,,6.83%,1.00,7.18,5.16%,0.38%,4.78%,,,,
1916.1,9.98,0.54,1.42,11.30,1916.79,4.19,278.81,15.04," 2,777.60 ",39.73, 395.77 ,12.05,,15.46,,6.70%,1.00,7.07,4.72%,0.53%,4.20%,,,,
1916.11,10.21,0.55,1.48,11.50,1916.87,4.20,280.28,15.08," 2,804.71 ",40.52, 405.46 ,12.05,,15.44,,6.75%,1.00,6.96,4.74%,0.68%,4.07%,,,,
1916.12,9.80,0.56,1.53,11.60,1916.96,4.22,266.70,15.24," 2,681.58 ",41.64, 418.65 ,11.41,,14.60,,7.18%,1.00,6.91,5.50%,0.79%,4.70%,,,,
1917.01,9.57,0.57,1.51,11.70,1917.04,4.23,258.22,15.40," 2,609.17 ",40.72, 411.41 ,10.99,,14.04,,7.70%,1.00,6.87,5.88%,1.02%,4.86%,,,,
1917.02,9.03,0.58,1.49,12.00,1917.12,4.26,237.56,15.30," 2,413.28 ",39.15, 397.67 ,10.06,,12.84,,8.55%,1.00,6.71,7.02%,1.35%,5.67%,,,,
1917.03,9.31,0.59,1.47,12.00,1917.21,4.29,244.92,15.59," 2,501.31 ",38.62, 394.41 ,10.33,,13.17,,8.38%,1.00,6.72,6.91%,1.43%,5.48%,,,,
1917.04,9.17,0.60,1.45,12.60,1917.29,4.32,229.75,15.12," 2,359.24 ",36.25, 372.28 ,9.64,,12.29,,9.54%,1.00,6.40,7.84%,1.94%,5.90%,,,,
1917.05,8.86,0.61,1.43,12.80,1917.37,4.34,218.52,15.15," 2,256.83 ",35.17, 363.23 ,9.14,,11.65,,10.03%,1.00,6.31,8.67%,2.06%,6.61%,,,,
1917.06,9.04,0.63,1.41,13.00,1917.46,4.37,219.53,15.18," 2,280.31 ",34.12, 354.41 ,9.15,,11.67,,10.04%,1.00,6.22,8.62%,2.12%,6.50%,,,,
1917.07,8.79,0.64,1.38,12.80,1917.54,4.40,216.79,15.68," 2,265.47 ",34.13, 356.70 ,9.00,,11.49,,10.03%,1.00,6.33,9.16%,2.15%,7.01%,,,,
1917.08,8.53,0.65,1.36,13.00,1917.62,4.43,207.14,15.70," 2,178.31 ",33.10, 348.07 ,8.57,,10.95,,10.72%,1.00,6.24,10.26%,2.38%,7.88%,,,,
1917.09,8.12,0.66,1.34,13.30,1917.71,4.46,192.74,15.61," 2,040.51 ",31.88, 337.49 ,7.95,,10.17,,11.84%,1.00,6.11,11.58%,2.57%,9.01%,,,,
1917.1,7.68,0.67,1.32,13.50,1917.79,4.49,179.59,15.63," 1,915.14 ",30.91, 329.66 ,7.39,,9.47,,12.82%,1.00,6.03,12.09%,2.68%,9.42%,,,,
1917.11,7.04,0.68,1.30,13.50,1917.87,4.51,164.63,15.88," 1,769.66 ",30.42, 327.04 ,6.75,,8.69,,14.50%,1.00,6.04,13.34%,2.75%,10.59%,,,,
1917.12,6.80,0.69,1.28,13.70,1917.96,4.54,156.69,15.90," 1,698.62 ",29.50, 319.74 ,6.41,,8.28,,15.63%,1.00,5.96,14.12%,2.92%,11.20%,,,,
1918.01,7.21,0.68,1.26,14.00,1918.04,4.57,162.58,15.33," 1,776.29 ",28.32, 309.43 ,6.64,,8.60,,15.41%,1.00,5.84,13.69%,3.15%,10.54%,,,,
1918.02,7.43,0.67,1.23,14.10,1918.12,4.56,166.35,15.00," 1,831.17 ",27.58, 303.63 ,6.78,,8.81,,15.29%,1.00,5.82,13.39%,3.31%,10.07%,,,,
1918.03,7.28,0.66,1.21,14.00,1918.21,4.56,164.16,14.88," 1,820.67 ",27.24, 302.11 ,6.69,,8.70,,15.44%,1.00,5.89,14.09%,3.20%,10.88%,,,,
1918.04,7.21,0.65,1.18,14.20,1918.29,4.55,160.29,14.45," 1,791.12 ",26.30, 293.88 ,6.52,,8.51,,15.85%,1.00,5.83,15.01%,3.31%,11.70%,,,,
1918.05,7.44,0.64,1.16,14.50,1918.37,4.55,161.98,13.93," 1,823.00 ",25.23, 283.99 ,6.58,,8.61,,15.94%,1.00,5.73,15.13%,3.44%,11.70%,,,,
1918.06,7.45,0.63,1.14,14.70,1918.46,4.54,159.99,13.53," 1,813.30 ",24.37, 276.25 ,6.50,,8.52,,16.29%,1.00,5.68,14.72%,3.60%,11.12%,,,,
1918.07,7.51,0.62,1.11,15.10,1918.54,4.54,157.01,12.96," 1,791.72 ",23.23, 265.06 ,6.37,,8.38,,16.76%,1.00,5.55,14.99%,3.85%,11.14%,,,,
1918.08,7.58,0.61,1.09,15.40,1918.62,4.53,155.38,12.50," 1,785.09 ",22.28, 255.99 ,6.30,,8.31,,17.15%,1.00,5.47,15.44%,4.02%,11.42%,,,,
1918.09,7.54,0.60,1.06,15.70,1918.71,4.52,151.61,12.06," 1,753.29 ",21.37, 247.18 ,6.15,,8.12,,17.76%,1.00,5.39,16.33%,4.07%,12.27%,,,,
1918.1,7.86,0.59,1.04,16.00,1918.79,4.52,155.08,11.64," 1,804.65 ",20.48, 238.32 ,6.29,,8.33,,17.48%,1.00,5.31,16.34%,4.29%,12.05%,,,,
1918.11,8.06,0.58,1.01,16.30,1918.87,4.51,156.10,11.23," 1,827.40 ",19.64, 229.90 ,6.33,,8.40,,17.46%,1.00,5.23,16.99%,4.45%,12.54%,,,,
1918.12,7.90,0.57,0.99,16.50,1918.96,4.51,151.15,10.91," 1,780.05 ",18.94, 223.07 ,6.13,,8.15,,18.00%,1.00,5.19,17.45%,4.61%,12.84%,,,,
1919.01,7.85,0.57,0.99,16.50,1919.04,4.50,150.19,10.84," 1,779.43 ",18.85, 223.28 ,6.10,,8.12,,18.21%,1.00,5.21,18.33%,4.58%,13.75%,,,,
1919.02,7.88,0.56,0.98,16.20,1919.12,4.54,153.56,10.98," 1,830.14 ",19.10, 227.61 ,6.24,,8.33,,17.50%,1.00,5.31,18.09%,4.43%,13.66%,,,,
1919.03,8.12,0.56,0.98,16.40,1919.21,4.58,156.30,10.78," 1,873.59 ",18.77, 224.97 ,6.36,,8.50,,17.29%,1.00,5.25,18.12%,4.67%,13.45%,,,,
1919.04,8.39,0.56,0.97,16.70,1919.29,4.62,158.60,10.52," 1,911.62 ",18.34, 221.01 ,6.46,,8.65,,16.98%,1.00,5.16,17.92%,4.96%,12.95%,,,,
1919.05,8.97,0.55,0.97,16.90,1919.37,4.66,167.56,10.34," 2,029.97 ",18.03, 218.39 ,6.83,,9.16,,16.11%,1.00,5.10,17.35%,5.07%,12.28%,,,,
1919.06,9.21,0.55,0.96,16.90,1919.46,4.70,172.04,10.27," 2,094.66 ",17.93, 218.34 ,7.02,,9.43,,15.57%,1.00,5.11,17.17%,5.06%,12.11%,,,,
1919.07,9.51,0.55,0.96,17.40,1919.54,4.74,172.54,9.92," 2,110.80 ",17.33, 211.97 ,7.05,,9.48,,15.77%,1.00,4.96,17.98%,5.29%,12.69%,,,,
1919.08,8.87,0.54,0.95,17.70,1919.62,4.77,158.20,9.69," 1,945.26 ",16.94, 208.34 ,6.48,,8.71,,17.06%,1.00,4.88,19.64%,5.51%,14.13%,,,,
1919.09,9.01,0.54,0.95,17.80,1919.71,4.81,159.80,9.58," 1,974.67 ",16.76, 207.11 ,6.56,,8.83,,16.79%,1.00,4.86,19.96%,5.61%,14.34%,,,,
1919.1,9.47,0.54,0.94,18.10,1919.79,4.85,165.17,9.36," 2,050.73 ",16.39, 203.56 ,6.79,,9.15,,16.19%,1.00,4.79,18.21%,5.83%,12.38%,,,,
1919.11,9.19,0.53,0.94,18.50,1919.87,4.89,156.82,9.10," 1,956.48 ",15.96, 199.05 ,6.47,,8.72,,17.03%,1.00,4.69,15.21%,6.11%,9.11%,,,,
1919.12,8.92,0.53,0.93,18.90,1919.96,4.93,148.99,8.85," 1,868.01 ",15.53, 194.76 ,6.16,,8.32,,17.88%,1.00,4.59,16.31%,6.44%,9.88%,,,,
1920.01,8.83,0.53,0.92,19.30,1920.04,4.97,144.43,8.64," 1,819.87 ",15.04, 189.45 ,5.99,,8.09,,18.63%,1.00,4.50,16.90%,6.76%,10.13%,,,,
1920.02,8.10,0.53,0.91,19.50,1920.12,4.98,131.13,8.53," 1,661.25 ",14.70, 186.29 ,5.46,,7.38,,20.37%,1.00,4.47,18.80%,6.93%,11.87%,,,,
1920.03,8.67,0.53,0.90,19.70,1920.21,4.99,138.94,8.41," 1,768.98 ",14.38, 183.12 ,5.80,,7.86,,19.18%,1.00,4.44,18.60%,7.09%,11.51%,,,,
1920.04,8.60,0.52,0.89,20.30,1920.29,5.00,133.74,8.14," 1,711.47 ",13.79, 176.46 ,5.60,,7.60,,20.00%,1.00,4.32,19.70%,7.34%,12.36%,,,,
1920.05,8.06,0.52,0.88,20.60,1920.37,5.01,123.52,7.99," 1,589.17 ",13.42, 172.68 ,5.19,,7.05,,21.77%,1.00,4.27,19.96%,7.55%,12.41%,,,,
1920.06,7.92,0.52,0.87,20.90,1920.46,5.02,119.63,7.85," 1,547.57 ",13.07, 169.02 ,5.04,,6.86,,22.57%,1.00,4.23,19.12%,7.76%,11.36%,,,,
1920.07,7.91,0.52,0.85,20.80,1920.54,5.03,120.05,7.87," 1,561.53 ",12.96, 168.63 ,5.08,,6.93,,22.36%,1.00,4.26,18.94%,7.82%,11.12%,,,,
1920.08,7.60,0.52,0.84,20.30,1920.62,5.04,118.19,8.04," 1,546.00 ",13.11, 171.54 ,5.02,,6.86,,22.43%,1.00,4.38,19.03%,7.61%,11.41%,,,,
1920.09,7.87,0.52,0.83,20.00,1920.71,5.05,124.22,8.13," 1,633.79 ",13.14, 172.83 ,5.30,,7.25,,21.33%,1.00,4.46,18.34%,7.38%,10.96%,,,,
1920.1,7.88,0.51,0.82,19.90,1920.79,5.06,125.01,8.14," 1,653.01 ",13.04, 172.37 ,5.35,,7.33,,21.39%,1.00,4.50,16.59%,7.38%,9.21%,,,,
1920.11,7.48,0.51,0.81,19.80,1920.87,5.07,119.26,8.16," 1,586.02 ",12.93, 171.92 ,5.13,,7.04,,22.37%,1.00,4.54,16.32%,7.38%,8.94%,,,,
1920.12,6.81,0.51,0.80,19.40,1920.96,5.08,110.82,8.30," 1,482.93 ",13.02, 174.21 ,4.78,,6.58,,23.53%,1.00,4.65,16.57%,7.35%,9.23%,,,,
1921.01,7.11,0.51,0.76,19.00,1921.04,5.09,118.13,8.40," 1,590.22 ",12.59, 169.42 ,5.12,,7.06,,21.92%,1.01,4.76,16.31%,7.25%,9.06%,,,,
1921.02,7.06,0.50,0.72,18.40,1921.12,5.02,121.13,8.61," 1,640.18 ",12.27, 166.11 ,5.27,,7.29,,21.41%,1.01,4.96,17.01%,6.94%,10.07%,,,,
1921.03,6.88,0.50,0.67,18.30,1921.21,4.96,118.69,8.58," 1,616.78 ",11.60, 158.04 ,5.19,,7.19,,21.61%,1.01,5.04,17.53%,6.86%,10.67%,,,,
1921.04,6.91,0.49,0.63,18.10,1921.29,4.89,120.52,8.60," 1,651.54 ",10.99, 150.57 ,5.30,,7.35,,21.52%,1.01,5.14,16.24%,6.72%,9.53%,,,,
1921.05,7.12,0.49,0.59,17.70,1921.37,4.83,126.99,8.73," 1,750.16 ",10.48, 144.41 ,5.61,,7.80,,20.30%,1.01,5.31,14.61%,6.52%,8.09%,,,,
1921.06,6.55,0.49,0.55,17.60,1921.46,4.76,117.49,8.70," 1,629.18 ",9.78, 135.56 ,5.22,,7.27,,21.64%,1.01,5.39,15.27%,6.51%,8.76%,,,,
1921.07,6.53,0.48,0.50,17.70,1921.54,4.70,116.47,8.58," 1,624.94 ",8.96, 125.04 ,5.20,,7.26,,21.72%,1.01,5.40,15.74%,6.48%,9.26%,,,,
1921.08,6.45,0.48,0.46,17.70,1921.62,4.63,115.04,8.50," 1,614.92 ",8.20, 115.17 ,5.16,,7.23,,21.59%,1.01,5.45,15.52%,6.39%,9.13%,,,,
1921.09,6.61,0.47,0.42,17.50,1921.71,4.56,119.24,8.52," 1,683.87 ",7.53, 106.36 ,5.38,,7.55,,20.64%,1.01,5.57,13.34%,6.25%,7.09%,,,,
1921.1,6.70,0.47,0.38,17.50,1921.79,4.50,120.86,8.45," 1,716.74 ",6.76, 96.09 ,5.48,,7.71,,20.36%,1.01,5.62,11.66%,6.23%,5.43%,,,,
1921.11,7.06,0.46,0.33,17.40,1921.87,4.43,128.09,8.42," 1,829.34 ",6.03, 86.16 ,5.84,,8.24,,19.35%,1.01,5.70,11.33%,6.22%,5.11%,,,,
1921.12,7.31,0.46,0.29,17.30,1921.96,4.37,133.39,8.39," 1,915.06 ",5.29, 75.97 ,6.11,,8.65,,18.70%,1.01,5.78,8.71%,6.15%,2.56%,,,,
1922.01,7.30,0.46,0.32,16.90,1922.04,4.30,136.36,8.67," 1,968.08 ",6.04, 87.16 ,6.29,,8.92,,17.95%,1.00,5.97,8.54%,6.03%,2.51%,,,,
1922.02,7.46,0.47,0.36,16.90,1922.12,4.31,139.35,8.75," 2,021.74 ",6.66, 96.67 ,6.46,,9.19,,17.41%,1.00,5.99,8.39%,6.21%,2.18%,,,,
1922.03,7.74,0.47,0.39,16.70,1922.21,4.31,146.31,8.93," 2,133.54 ",7.37, 107.50 ,6.82,,9.72,,16.24%,1.00,6.08,8.01%,6.18%,1.82%,,,,
1922.04,8.21,0.48,0.42,16.70,1922.29,4.32,155.20,9.01," 2,274.05 ",8.00, 117.25 ,7.27,,10.38,,15.01%,1.00,6.10,4.59%,6.28%,-1.69%,,,,
1922.05,8.53,0.48,0.46,16.70,1922.37,4.32,161.25,9.09," 2,373.78 ",8.63, 127.09 ,7.59,,10.85,,14.43%,1.00,6.12,3.05%,6.46%,-3.42%,,,,
1922.06,8.45,0.49,0.49,16.70,1922.46,4.33,159.73,9.17," 2,362.76 ",9.26, 137.01 ,7.56,,10.82,,14.59%,1.00,6.14,1.81%,6.57%,-4.76%,,,,
1922.07,8.51,0.49,0.52,16.80,1922.54,4.33,159.91,9.19," 2,376.71 ",9.83, 146.15 ,7.60,,10.89,,14.57%,1.00,6.13,2.36%,6.65%,-4.30%,,,,
1922.08,8.83,0.49,0.56,16.60,1922.62,4.34,167.92,9.38," 2,507.41 ",10.59, 158.08 ,8.02,,11.50,,13.65%,1.00,6.22,6.19%,6.63%,-0.44%,,,,
1922.09,9.06,0.50,0.59,16.60,1922.71,4.34,172.30,9.46," 2,584.49 ",11.22, 168.31 ,8.27,,11.86,,13.17%,1.00,6.24,7.00%,6.73%,0.27%,,,,
1922.1,9.26,0.50,0.62,16.70,1922.79,4.35,175.05,9.48," 2,637.58 ",11.78, 177.54 ,8.43