2, 355.09 ,12.67, 28.26 ,12.91,,16.58,,1.33%,1.00,2.95,7.74%,6.74%,1.00%,,,,
1884.07,4.46,0.32,0.35,8.75,1884.54,3.57,160.85,11.48, 361.08 ,12.53, 28.13 ,13.04,,16.77,,1.08%,1.00,2.99,7.38%,6.63%,0.74%,,,,
1884.08,4.74,0.32,0.34,8.75,1884.62,3.56,170.95,11.42, 385.89 ,12.26, 27.68 ,13.86,,17.83,,0.71%,1.00,3.00,6.80%,6.34%,0.46%,,,,
1884.09,4.59,0.32,0.33,8.66,1884.71,3.55,167.36,11.49, 379.94 ,12.12, 27.52 ,13.57,,17.47,,0.77%,1.00,3.05,7.03%,6.09%,0.94%,,,,
1884.1,4.44,0.31,0.33,8.56,1884.79,3.55,163.69,11.55, 373.80 ,11.98, 27.36 ,13.27,,17.11,,0.99%,1.00,3.09,7.21%,6.28%,0.93%,,,,
1884.11,4.35,0.31,0.32,8.37,1884.87,3.54,164.01,11.75, 376.78 ,11.97, 27.50 ,13.30,,17.17,,0.85%,1.00,3.17,7.17%,6.05%,1.12%,,,,
1884.12,4.34,0.31,0.31,8.28,1884.96,3.53,165.52,11.82, 382.50 ,11.82, 27.32 ,13.43,,17.36,,0.67%,1.00,3.22,7.11%,6.09%,1.02%,,,,
1885.01,4.24,0.30,0.31,8.28,1885.04,3.52,161.70,11.60, 375.92 ,11.70, 27.19 ,13.13,,16.99,,0.85%,1.00,3.23,7.21%,6.10%,1.11%,,,,
1885.02,4.37,0.30,0.30,8.37,1885.12,3.51,164.77,11.25, 385.22 ,11.44, 26.74 ,13.38,,17.33,,0.83%,1.00,3.21,6.84%,6.20%,0.64%,,,,
1885.03,4.38,0.29,0.30,8.18,1885.21,3.50,168.98,11.28, 397.28 ,11.57, 27.21 ,13.73,,17.80,,0.43%,1.00,3.30,6.56%,5.93%,0.62%,,,,
1885.04,4.37,0.29,0.30,8.28,1885.29,3.48,166.66,10.93, 393.96 ,11.32, 26.75 ,13.55,,17.58,,0.57%,1.00,3.27,6.68%,5.59%,1.10%,,,,
1885.05,4.32,0.28,0.29,8.09,1885.37,3.47,168.63,10.96, 400.77 ,11.45, 27.21 ,13.71,,17.80,,0.51%,1.00,3.36,6.96%,5.17%,1.79%,,,,
1885.06,4.30,0.28,0.29,7.90,1885.46,3.46,171.89,10.99, 410.71 ,11.59, 27.70 ,13.98,,18.17,,0.32%,1.00,3.46,6.80%,4.76%,2.04%,,,,
1885.07,4.46,0.27,0.29,7.99,1885.54,3.45,176.17,10.63, 423.04 ,11.32, 27.19 ,14.33,,18.63,,0.28%,1.00,3.43,6.71%,5.01%,1.70%,,,,
1885.08,4.71,0.26,0.28,7.99,1885.62,3.43,186.04,10.40, 448.83 ,11.19, 27.00 ,15.13,,19.68,,-0.16%,1.00,3.44,6.42%,5.13%,1.29%,,,,
1885.09,4.65,0.26,0.28,7.90,1885.71,3.42,185.89,10.29, 450.52 ,11.19, 27.13 ,15.12,,19.66,,-0.18%,1.00,3.50,6.48%,4.99%,1.50%,,,,
1885.1,4.92,0.25,0.28,7.90,1885.79,3.41,196.68,10.06, 478.71 ,11.06, 26.92 ,15.99,,20.80,,-0.53%,1.00,3.51,5.72%,4.97%,0.75%,,,,
1885.11,5.24,0.25,0.27,7.99,1885.87,3.40,206.98,9.71, 505.75 ,10.80, 26.38 ,16.82,,21.88,,-0.63%,1.00,3.48,4.82%,5.07%,-0.26%,,,,
1885.12,5.20,0.24,0.27,8.18,1885.96,3.38,200.62,9.26, 492.10 ,10.42, 25.55 ,16.30,,21.19,,-0.11%,1.00,3.42,4.65%,5.45%,-0.79%,,,,
1886.01,5.20,0.24,0.28,7.99,1886.04,3.37,205.40,9.41, 505.74 ,10.86, 26.75 ,16.69,,21.69,,-0.39%,1.00,3.51,4.43%,5.33%,-0.90%,,,,
1886.02,5.30,0.24,0.28,7.99,1886.12,3.38,209.35,9.35, 517.39 ,11.06, 27.33 ,17.01,,22.09,,-0.51%,1.00,3.52,4.81%,5.51%,-0.70%,,,,
1886.03,5.19,0.24,0.29,7.90,1886.21,3.40,207.47,9.39, 514.69 ,11.39, 28.26 ,16.84,,21.87,,-0.58%,1.00,3.56,4.74%,5.41%,-0.67%,,,,
1886.04,5.12,0.23,0.29,7.80,1886.29,3.41,207.17,9.44, 515.89 ,11.73, 29.22 ,16.80,,21.81,,-0.61%,1.00,3.61,5.00%,5.46%,-0.46%,,,,
1886.05,5.02,0.23,0.30,7.61,1886.37,3.42,208.20,9.61, 520.45 ,12.23, 30.58 ,16.86,,21.89,,-0.54%,1.00,3.71,5.05%,5.39%,-0.33%,,,,
1886.06,5.25,0.23,0.30,7.52,1886.46,3.43,220.50,9.66, 553.20 ,12.60, 31.61 ,17.83,,23.13,,-0.72%,1.00,3.77,4.42%,5.44%,-1.02%,,,,
1886.07,5.33,0.23,0.31,7.61,1886.54,3.45,221.06,9.47, 556.59 ,12.65, 31.85 ,17.85,,23.13,,-0.62%,1.00,3.73,3.69%,5.60%,-1.90%,,,,
1886.08,5.37,0.23,0.31,7.71,1886.62,3.46,219.97,9.29, 555.79 ,12.70, 32.08 ,17.72,,22.95,,-0.56%,1.00,3.69,3.14%,5.76%,-2.61%,,,,
1886.09,5.51,0.23,0.32,7.71,1886.71,3.47,225.70,9.22, 572.22 ,12.90, 32.71 ,18.15,,23.48,,-0.80%,1.00,3.69,3.41%,5.78%,-2.37%,,,,
1886.1,5.65,0.22,0.32,7.71,1886.79,3.48,231.44,9.15, 588.69 ,13.11, 33.34 ,18.56,,24.00,,-1.11%,1.00,3.70,3.08%,5.49%,-2.41%,,,,
1886.11,5.79,0.22,0.33,7.71,1886.87,3.50,237.17,9.08, 605.20 ,13.31, 33.97 ,18.97,,24.50,,-1.32%,1.00,3.71,3.21%,5.21%,-2.00%,,,,
1886.12,5.64,0.22,0.33,7.80,1886.96,3.51,228.21,8.90, 584.23 ,13.35, 34.18 ,18.19,,23.49,,-1.17%,1.00,3.67,3.23%,5.37%,-2.14%,,,,
1887.01,5.58,0.22,0.33,7.99,1887.04,3.52,220.41,8.79, 566.13 ,13.13, 33.73 ,17.51,,22.59,,-0.90%,1.00,3.59,3.89%,5.95%,-2.06%,,,,
1887.02,5.54,0.23,0.34,8.09,1887.12,3.53,216.25,8.78, 557.34 ,13.08, 33.70 ,17.13,,22.08,,-0.41%,1.00,3.55,3.99%,6.09%,-2.10%,,,,
1887.03,5.67,0.23,0.34,8.09,1887.21,3.55,221.33,8.88, 572.32 ,13.17, 34.07 ,17.47,,22.52,,-0.10%,1.00,3.56,3.78%,6.10%,-2.33%,,,,
1887.04,5.80,0.23,0.34,8.09,1887.29,3.56,226.40,8.98, 587.38 ,13.27, 34.43 ,17.82,,22.95,,-0.49%,1.00,3.57,3.37%,6.28%,-2.90%,,,,
1887.05,5.90,0.23,0.34,8.09,1887.37,3.57,230.31,9.08, 599.47 ,13.37, 34.80 ,18.08,,23.26,,-0.76%,1.00,3.57,3.41%,6.45%,-3.04%,,,,
1887.06,5.73,0.24,0.35,7.99,1887.46,3.58,226.33,9.28, 591.14 ,13.63, 35.59 ,17.71,,22.78,,-0.23%,1.00,3.62,4.06%,6.34%,-2.28%,,,,
1887.07,5.59,0.24,0.35,7.90,1887.54,3.60,223.46,9.49, 585.71 ,13.89, 36.41 ,17.43,,22.42,,-0.37%,1.00,3.67,4.65%,6.22%,-1.58%,,,,
1887.08,5.45,0.24,0.35,7.99,1887.62,3.61,215.27,9.48, 566.31 ,13.82, 36.37 ,16.74,,21.52,,0.35%,1.00,3.64,5.23%,5.89%,-0.66%,,,,
1887.09,5.38,0.24,0.35,7.90,1887.71,3.62,215.07,9.69, 567.90 ,14.09, 37.21 ,16.68,,21.43,,0.34%,1.00,3.69,5.43%,5.47%,-0.05%,,,,
1887.1,5.20,0.25,0.36,7.99,1887.79,3.63,205.40,9.68, 544.49 ,14.02, 37.17 ,15.88,,20.41,,0.74%,1.00,3.65,5.71%,5.76%,-0.05%,,,,
1887.11,5.30,0.25,0.36,8.09,1887.87,3.65,206.88,9.66, 550.57 ,13.95, 37.14 ,15.95,,20.50,,1.01%,1.00,3.61,5.25%,5.90%,-0.65%,,,,
1887.12,5.27,0.25,0.36,8.28,1887.96,3.66,200.98,9.53, 536.98 ,13.73, 36.68 ,15.46,,19.86,,1.43%,1.00,3.54,5.77%,6.16%,-0.39%,,,,
1888.01,5.31,0.25,0.35,8.37,1888.04,3.67,200.21,9.36, 536.99 ,13.26, 35.57 ,15.36,,19.73,,1.87%,1.00,3.51,6.09%,6.29%,-0.21%,,,,
1888.02,5.28,0.25,0.34,8.28,1888.12,3.65,201.37,9.41, 542.20 ,13.09, 35.25 ,15.42,,19.81,,1.85%,1.00,3.56,5.85%,6.02%,-0.17%,,,,
1888.03,5.08,0.25,0.34,8.28,1888.21,3.63,193.74,9.34, 523.76 ,12.78, 34.54 ,14.81,,19.03,,2.35%,1.00,3.58,5.76%,6.02%,-0.26%,,,,
1888.04,5.10,0.24,0.33,8.18,1888.29,3.62,196.76,9.39, 534.05 ,12.60, 34.21 ,15.02,,19.30,,2.26%,1.00,3.64,5.40%,5.90%,-0.49%,,,,
1888.05,5.17,0.24,0.32,8.09,1888.37,3.60,201.81,9.43, 549.89 ,12.42, 33.85 ,15.39,,19.77,,2.33%,1.00,3.70,5.08%,5.06%,0.03%,,,,
1888.06,5.01,0.24,0.31,7.99,1888.46,3.58,197.89,9.48, 541.36 ,12.24, 33.50 ,15.08,,19.38,,2.59%,1.00,3.76,6.41%,5.65%,0.76%,,,,
1888.07,5.14,0.24,0.30,8.09,1888.54,3.56,200.64,9.30, 551.00 ,11.78, 32.34 ,15.28,,19.64,,2.53%,1.00,3.73,6.45%,5.92%,0.52%,,,,
1888.08,5.25,0.24,0.29,8.09,1888.62,3.54,204.93,9.24, 564.90 ,11.45, 31.56 ,15.60,,20.05,,2.30%,1.00,3.75,6.60%,5.92%,0.68%,,,,
1888.09,5.38,0.24,0.29,8.09,1888.71,3.52,210.01,9.17, 581.00 ,11.12, 30.78 ,15.99,,20.54,,2.16%,1.00,3.76,6.32%,5.92%,0.40%,,,,
1888.1,5.35,0.23,0.28,8.18,1888.79,3.51,206.41,9.00, 573.12 ,10.68, 29.64 ,15.72,,20.19,,2.52%,1.00,3.74,6.27%,6.04%,0.23%,,,,
1888.11,5.24,0.23,0.27,8.28,1888.87,3.49,199.84,8.84, 556.92 ,10.23, 28.52 ,15.22,,19.56,,2.97%,1.00,3.71,6.96%,6.17%,0.79%,,,,
1888.12,5.14,0.23,0.26,8.28,1888.96,3.47,196.03,8.77, 548.33 ,9.92, 27.74 ,14.95,,19.21,,3.34%,1.00,3.73,7.65%,6.02%,1.63%,,,,
1889.01,5.24,0.23,0.26,7.99,1889.04,3.45,206.98,9.05, 581.08 ,10.40, 29.20 ,15.80,,20.31,,2.53%,1.00,3.88,7.84%,5.64%,2.20%,,,,
1889.02,5.30,0.23,0.27,7.90,1889.12,3.45,211.87,9.13, 596.95 ,10.66, 30.04 ,16.19,,20.81,,2.14%,1.00,3.93,7.68%,5.22%,2.47%,,,,
1889.03,5.19,0.23,0.27,7.80,1889.21,3.45,210.00,9.21, 593.85 ,10.92, 30.89 ,16.07,,20.65,,2.19%,1.00,3.99,7.92%,5.08%,2.84%,,,,
1889.04,5.18,0.23,0.27,7.80,1889.29,3.44,209.60,9.17, 594.86 ,11.06, 31.39 ,16.05,,20.63,,2.31%,1.00,4.01,7.92%,4.93%,2.99%,,,,
1889.05,5.32,0.23,0.28,7.61,1889.37,3.44,220.64,9.36, 628.43 ,11.48, 32.69 ,16.92,,21.73,,1.75%,1.00,4.12,6.90%,4.66%,2.24%,,,,
1889.06,5.41,0.23,0.28,7.61,1889.46,3.44,224.38,9.33, 641.28 ,11.61, 33.19 ,17.22,,22.11,,1.77%,1.00,4.13,6.33%,4.51%,1.82%,,,,
1889.07,5.30,0.22,0.28,7.61,1889.54,3.44,219.81,9.30, 630.45 ,11.75, 33.70 ,16.89,,21.68,,1.77%,1.00,4.15,6.76%,4.36%,2.39%,,,,
1889.08,5.37,0.22,0.29,7.61,1889.62,3.43,222.72,9.26, 640.99 ,11.89, 34.22 ,17.13,,21.97,,1.68%,1.00,4.16,6.74%,4.22%,2.52%,,,,
1889.09,5.50,0.22,0.29,7.71,1889.71,3.43,225.29,9.11, 650.59 ,11.88, 34.30 ,17.35,,22.24,,1.40%,1.00,4.12,6.09%,3.94%,2.14%,,,,
1889.1,5.40,0.22,0.29,7.71,1889.79,3.43,221.20,9.08, 640.95 ,12.01, 34.81 ,17.05,,21.84,,0.96%,1.00,4.13,6.09%,3.80%,2.29%,,,,
1889.11,5.35,0.22,0.30,7.71,1889.87,3.43,219.15,9.04, 637.20 ,12.15, 35.34 ,16.91,,21.64,,0.50%,1.00,4.14,6.25%,3.67%,2.58%,,,,
1889.12,5.32,0.22,0.30,7.80,1889.96,3.42,215.26,8.90, 628.05 ,12.14, 35.42 ,16.61,,21.25,,0.44%,1.00,4.11,5.56%,3.66%,1.90%,,,,
1890.01,5.38,0.22,0.30,7.61,1890.04,3.42,223.13,9.12, 653.23 ,12.41, 36.33 ,17.22,,22.02,,-0.30%,1.00,4.22,5.32%,3.40%,1.92%,,,,
1890.02,5.32,0.22,0.30,7.61,1890.12,3.44,220.64,9.12, 648.17 ,12.37, 36.34 ,17.03,,21.76,,-0.25%,1.00,4.23,5.49%,3.29%,2.20%,,,,
1890.03,5.28,0.22,0.30,7.61,1890.21,3.45,218.99,9.12, 645.53 ,12.34, 36.37 ,16.90,,21.58,,-0.31%,1.00,4.23,5.65%,3.31%,2.35%,,,,
1890.04,5.39,0.22,0.30,7.61,1890.29,3.47,223.55,9.12, 661.22 ,12.31, 36.40 ,17.26,,22.02,,-0.08%,1.00,4.24,5.57%,3.32%,2.25%,,,,
1890.05,5.62,0.22,0.30,7.71,1890.37,3.49,230.21,9.01, 683.15 ,12.12, 35.96 ,17.79,,22.68,,0.15%,1.00,4.19,5.00%,3.71%,1.29%,,,,
1890.06,5.58,0.22,0.30,7.71,1890.46,3.50,228.57,9.01, 680.52 ,12.08, 35.98 ,17.68,,22.53,,0.36%,1.00,4.20,4.89%,3.86%,1.04%,,,,
1890.07,5.54,0.22,0.29,7.71,1890.54,3.52,226.93,9.01, 677.87 ,12.05, 36.00 ,17.59,,22.38,,0.38%,1.00,4.21,4.84%,3.74%,1.10%,,,,
1890.08,5.41,0.22,0.29,7.99,1890.62,3.54,213.69,8.69, 640.49 ,11.59, 34.72 ,16.60,,21.10,,1.06%,1.00,4.06,5.75%,4.26%,1.49%,,,,
1890.09,5.32,0.22,0.29,8.09,1890.71,3.55,207.66,8.59, 624.57 ,11.42, 34.34 ,16.17,,20.54,,1.22%,1.00,4.02,5.68%,4.27%,1.40%,,,,
1890.1,5.08,0.22,0.29,8.09,1890.79,3.57,198.30,8.59, 598.54 ,11.39, 34.37 ,15.48,,19.65,,1.48%,1.00,4.03,6.68%,4.42%,2.26%,,,,
1890.11,4.71,0.22,0.29,7.90,1890.87,3.59,188.28,8.79, 570.53 ,11.62, 35.23 ,14.75,,18.70,,1.45%,1.00,4.13,8.04%,4.18%,3.86%,,,,
1890.12,4.60,0.22,0.29,7.90,1890.96,3.60,183.89,8.79, 559.43 ,11.59, 35.27 ,14.44,,18.31,,1.47%,1.00,4.14,9.07%,4.33%,4.74%,,,,
1891.01,4.84,0.22,0.29,7.80,1891.0