,3.75%,,,,
1904.01,6.68,0.35,0.53,8.28,1904.04,3.40,254.76,13.22," 1,357.19 ",20.09, 107.01 ,15.86,,18.78,,4.81%,1.00,6.26,5.30%,1.32%,3.98%,,,,
1904.02,6.50,0.34,0.52,8.47,1904.12,3.41,242.32,12.80," 1,296.63 ",19.51, 104.39 ,15.02,,17.80,,5.54%,1.00,6.14,6.07%,1.66%,4.42%,,,,
1904.03,6.48,0.34,0.52,8.37,1904.21,3.41,244.32,12.82," 1,313.03 ",19.61, 105.37 ,15.08,,17.90,,5.68%,1.00,6.22,5.79%,1.55%,4.24%,,,,
1904.04,6.64,0.34,0.52,8.28,1904.29,3.42,253.23,12.84," 1,366.67 ",19.71, 106.35 ,15.57,,18.49,,5.35%,1.00,6.31,5.26%,1.54%,3.72%,,,,
1904.05,6.50,0.33,0.51,8.09,1904.37,3.43,253.73,13.01," 1,375.19 ",20.04, 108.60 ,15.53,,18.46,,5.12%,1.00,6.47,5.20%,1.21%,3.99%,,,,
1904.06,6.51,0.33,0.51,8.09,1904.46,3.43,254.12,12.88," 1,383.12 ",19.91, 108.36 ,15.47,,18.42,,5.14%,1.00,6.48,5.14%,1.22%,3.92%,,,,
1904.07,6.78,0.33,0.51,8.09,1904.54,3.44,264.66,12.75," 1,446.27 ",19.78, 108.09 ,16.04,,19.11,,4.90%,1.00,6.50,4.02%,1.12%,2.90%,,,,
1904.08,7.01,0.32,0.50,8.18,1904.62,3.45,270.45,12.47," 1,483.63 ",19.42, 106.52 ,16.30,,19.45,,4.62%,1.00,6.44,3.60%,1.05%,2.56%,,,,
1904.09,7.32,0.32,0.50,8.28,1904.71,3.45,279.17,12.20," 1,537.01 ",19.07, 104.99 ,16.74,,19.99,,4.43%,1.00,6.38,3.29%,1.17%,2.12%,,,,
1904.1,7.75,0.32,0.50,8.28,1904.79,3.46,295.56,12.08," 1,632.84 ",18.94, 104.65 ,17.63,,21.07,,4.41%,1.00,6.39,2.81%,1.28%,1.54%,,,,
1904.11,8.17,0.31,0.49,8.47,1904.87,3.47,304.58,11.68," 1,688.03 ",18.39, 101.92 ,18.08,,21.61,,4.50%,1.00,6.26,2.42%,1.41%,1.00%,,,,
1904.12,8.25,0.31,0.49,8.47,1904.96,3.47,307.56,11.56," 1,709.90 ",18.27, 101.56 ,18.16,,21.72,,4.61%,1.00,6.28,1.99%,1.52%,0.47%,,,,
1905.01,8.43,0.31,0.51,8.47,1905.04,3.48,314.27,11.62," 1,752.59 ",18.83, 104.99 ,18.46,,22.09,,4.52%,1.00,6.29,1.96%,1.53%,0.44%,,,,
1905.02,8.80,0.31,0.52,8.47,1905.12,3.48,328.07,11.68," 1,834.94 ",19.39, 108.43 ,19.17,,22.94,,4.32%,1.00,6.31,1.51%,1.64%,-0.14%,,,,
1905.03,9.05,0.32,0.54,8.37,1905.21,3.47,341.22,11.88," 1,914.03 ",20.17, 113.15 ,19.83,,23.74,,4.03%,1.00,6.41,1.48%,1.65%,-0.16%,,,,
1905.04,8.94,0.32,0.55,8.37,1905.29,3.47,337.07,11.94," 1,896.35 ",20.74, 116.67 ,19.48,,23.33,,3.69%,1.00,6.43,2.26%,1.56%,0.70%,,,,
1905.05,8.50,0.32,0.57,8.28,1905.37,3.46,324.17,12.14," 1,829.44 ",21.55, 121.60 ,18.63,,22.31,,3.67%,1.00,6.52,2.33%,1.36%,0.97%,,,,
1905.06,8.60,0.32,0.58,8.28,1905.46,3.46,327.98,12.20," 1,856.70 ",22.12, 125.22 ,18.74,,22.45,,3.51%,1.00,6.54,2.34%,1.37%,0.97%,,,,
1905.07,8.87,0.32,0.60,8.28,1905.54,3.46,338.28,12.27," 1,920.78 ",22.69, 128.85 ,19.21,,23.01,,3.52%,1.00,6.56,2.00%,1.39%,0.61%,,,,
1905.08,9.20,0.32,0.61,8.37,1905.62,3.45,346.88,12.19," 1,975.36 ",23.00, 130.98 ,19.57,,23.45,,3.69%,1.00,6.51,2.18%,1.52%,0.66%,,,,
1905.09,9.23,0.33,0.63,8.28,1905.71,3.45,352.01,12.39," 2,010.47 ",23.84, 136.14 ,19.74,,23.65,,3.53%,1.00,6.61,2.42%,1.42%,1.00%,,,,
1905.1,9.36,0.33,0.64,8.28,1905.79,3.44,356.97,12.46," 2,044.72 ",24.41, 139.81 ,19.90,,23.83,,3.49%,1.00,6.63,2.73%,1.33%,1.40%,,,,
1905.11,9.31,0.33,0.66,8.37,1905.87,3.44,351.02,12.38," 2,016.59 ",24.70, 141.88 ,19.44,,23.28,,3.73%,1.00,6.57,3.17%,1.37%,1.80%,,,,
1905.12,9.54,0.33,0.67,8.47,1905.96,3.43,355.66,12.30," 2,049.09 ",24.98, 143.91 ,19.58,,23.43,,3.96%,1.00,6.52,3.07%,1.50%,1.57%,,,,
1906.01,9.87,0.34,0.68,8.47,1906.04,3.43,367.96,12.52," 2,125.99 ",25.26, 145.93 ,20.13,,24.08,,3.97%,1.00,6.54,2.46%,1.41%,1.05%,,,,
1906.02,9.80,0.34,0.69,8.47,1906.12,3.45,365.35,12.74," 2,117.04 ",25.54, 147.98 ,19.87,,23.75,,4.16%,1.00,6.55,2.41%,1.42%,0.98%,,,,
1906.03,9.56,0.35,0.69,8.47,1906.21,3.47,356.40,12.95," 2,071.45 ",25.82, 150.05 ,19.26,,23.02,,4.30%,1.00,6.56,2.54%,1.34%,1.21%,,,,
1906.04,9.43,0.35,0.70,8.47,1906.29,3.49,351.56,13.17," 2,049.66 ",26.10, 152.15 ,18.88,,22.56,,4.54%,1.00,6.57,2.48%,1.25%,1.23%,,,,
1906.05,9.18,0.36,0.71,8.56,1906.37,3.51,338.43,13.24," 1,979.58 ",26.08, 152.57 ,18.05,,21.57,,5.02%,1.00,6.50,3.01%,1.28%,1.74%,,,,
1906.06,9.30,0.37,0.72,8.56,1906.46,3.53,342.86,13.46," 2,012.02 ",26.36, 154.69 ,18.17,,21.72,,5.12%,1.00,6.51,2.89%,1.19%,1.70%,,,,
1906.07,9.06,0.37,0.72,8.28,1906.54,3.55,345.52,14.14," 2,034.59 ",27.55, 162.25 ,18.20,,21.75,,4.75%,1.00,6.74,2.68%,0.86%,1.82%,,,,
1906.08,9.73,0.38,0.73,8.47,1906.62,3.57,362.74,14.04," 2,142.86 ",27.21, 160.77 ,18.97,,22.67,,4.74%,1.00,6.60,2.18%,1.00%,1.18%,,,,
1906.09,10.03,0.38,0.74,8.56,1906.71,3.59,369.77,14.10," 2,191.32 ",27.19, 161.13 ,19.20,,22.94,,4.77%,1.00,6.53,2.22%,0.94%,1.28%,,,,
1906.1,9.73,0.39,0.75,8.75,1906.79,3.61,350.91,14.00," 2,086.47 ",26.87, 159.76 ,18.10,,21.62,,4.99%,1.00,6.40,2.90%,0.99%,1.91%,,,,
1906.11,9.93,0.39,0.75,8.85,1906.87,3.63,354.27,14.06," 2,113.44 ",26.85, 160.16 ,18.14,,21.68,,4.76%,1.00,6.34,2.87%,0.94%,1.93%,,,,
1906.12,9.84,0.40,0.76,8.94,1906.96,3.65,347.33,14.12," 2,079.02 ",26.83, 160.57 ,17.66,,21.11,,5.00%,1.00,6.28,2.58%,0.97%,1.61%,,,,
1907.01,9.56,0.40,0.75,8.85,1907.04,3.67,341.07,14.39," 2,048.76 ",26.82, 161.09 ,17.22,,20.60,,5.32%,1.00,6.36,2.45%,0.78%,1.67%,,,,
1907.02,9.26,0.41,0.74,9.04,1907.12,3.69,323.41,14.20," 1,949.80 ",25.96, 156.51 ,16.22,,19.41,,5.88%,1.00,6.23,2.16%,0.74%,1.42%,,,,
1907.03,8.35,0.41,0.74,8.94,1907.21,3.70,294.73,14.47," 1,784.16 ",25.94, 157.05 ,14.69,,17.60,,6.40%,1.00,6.31,3.44%,0.62%,2.81%,,,,
1907.04,8.39,0.41,0.73,8.94,1907.29,3.72,296.15,14.59," 1,800.07 ",25.65, 155.91 ,14.67,,17.59,,6.54%,1.00,6.32,2.74%,0.13%,2.61%,,,,
1907.05,8.10,0.42,0.72,9.13,1907.37,3.74,279.95,14.40," 1,708.93 ",24.83, 151.55 ,13.79,,16.56,,7.33%,1.00,6.20,2.82%,0.18%,2.64%,,,,
1907.06,7.84,0.42,0.71,9.23,1907.46,3.75,268.17,14.37," 1,644.35 ",24.29, 148.91 ,13.14,,15.81,,7.78%,1.00,6.15,3.32%,0.12%,3.20%,,,,
1907.07,8.14,0.42,0.70,9.23,1907.54,3.77,278.44,14.48," 1,714.67 ",24.00, 147.81 ,13.59,,16.36,,7.52%,1.00,6.16,2.82%,0.28%,2.55%,,,,
1907.08,7.53,0.43,0.69,9.23,1907.62,3.79,257.57,14.60," 1,593.66 ",23.71, 146.73 ,12.51,,15.09,,7.67%,1.00,6.17,3.17%,0.12%,3.06%,,,,
1907.09,7.45,0.43,0.69,9.23,1907.71,3.80,254.83,14.71," 1,584.31 ",23.43, 145.67 ,12.33,,14.90,,7.48%,1.00,6.18,2.56%,-0.11%,2.68%,,,,
1907.1,6.64,0.43,0.68,9.32,1907.79,3.82,224.81,14.67," 1,405.25 ",22.91, 143.21 ,10.83,,13.12,,8.83%,1.00,6.13,3.14%,-0.16%,3.31%,,,,
1907.11,6.25,0.44,0.67,8.94,1907.87,3.84,220.61,15.41," 1,387.03 ",23.59, 148.31 ,10.59,,12.86,,8.60%,1.00,6.40,2.47%,-0.58%,3.05%,,,,
1907.12,6.57,0.44,0.66,8.75,1907.96,3.85,236.94,15.87," 1,498.04 ",23.80, 150.49 ,11.33,,13.80,,7.74%,1.00,6.55,1.26%,-0.95%,2.21%,,,,
1908.01,6.85,0.44,0.65,8.66,1908.04,3.87,249.76,15.92," 1,587.44 ",23.82, 151.40 ,11.90,,14.52,,7.19%,1.00,6.64,1.13%,-1.27%,2.40%,,,,
1908.02,6.60,0.43,0.65,8.56,1908.12,3.86,243.32,15.97," 1,554.97 ",23.84, 152.36 ,11.55,,14.13,,7.19%,1.00,6.74,1.65%,-1.45%,3.10%,,,,
1908.03,6.87,0.43,0.64,8.56,1908.21,3.85,253.27,15.85," 1,627.02 ",23.59, 151.57 ,11.98,,14.68,,6.89%,1.00,6.76,1.13%,-1.37%,2.51%,,,,
1908.04,7.24,0.43,0.63,8.66,1908.29,3.84,263.98,15.56," 1,704.13 ",23.09, 149.06 ,12.45,,15.28,,6.70%,1.00,6.71,0.50%,-1.40%,1.90%,,,,
1908.05,7.63,0.42,0.63,8.66,1908.37,3.83,278.20,15.43," 1,804.23 ",22.85, 148.19 ,13.08,,16.07,,5.63%,1.00,6.74,0.10%,-1.61%,1.71%,,,,
1908.06,7.64,0.42,0.62,8.66,1908.46,3.82,278.56,15.31," 1,814.87 ",22.61, 147.28 ,13.05,,16.06,,6.35%,1.00,6.77,-0.01%,-1.74%,1.73%,,,,
1908.07,7.92,0.42,0.61,8.75,1908.54,3.82,285.63,15.03," 1,869.09 ",22.12, 144.74 ,13.35,,16.44,,6.45%,1.00,6.72,-0.42%,-1.89%,1.47%,,,,
1908.08,8.26,0.41,0.61,8.75,1908.62,3.81,297.89,14.91," 1,957.46 ",21.88, 143.78 ,13.88,,17.12,,6.17%,1.00,6.75,-0.92%,-2.08%,1.16%,,,,
1908.09,8.17,0.41,0.60,8.75,1908.71,3.80,294.65,14.79," 1,944.23 ",21.64, 142.78 ,13.70,,16.92,,6.27%,1.00,6.77,-1.03%,-2.27%,1.24%,,,,
1908.1,8.27,0.41,0.59,8.85,1908.79,3.79,295.05,14.51," 1,954.85 ",21.17, 140.24 ,13.69,,16.92,,6.40%,1.00,6.73,-0.80%,-2.34%,1.55%,,,,
1908.11,8.83,0.40,0.59,8.94,1908.87,3.78,311.68,14.24," 2,072.88 ",20.71, 137.73 ,14.44,,17.85,,6.14%,1.00,6.68,-1.25%,-2.42%,1.16%,,,,
1908.12,9.03,0.40,0.58,9.04,1908.96,3.77,315.38,13.97," 2,105.25 ",20.26, 135.22 ,14.58,,18.04,,6.04%,1.00,6.64,-1.66%,-2.43%,0.76%,,,,
1909.01,9.06,0.40,0.60,8.94,1909.04,3.76,319.79,14.24," 2,142.64 ",21.00, 140.71 ,14.76,,18.28,,5.86%,1.00,6.73,-1.84%,-2.53%,0.69%,,,,
1909.02,8.80,0.41,0.61,9.04,1909.12,3.77,307.35,14.20," 2,067.17 ",21.30, 143.29 ,14.17,,17.55,,5.96%,1.00,6.68,-1.21%,-2.26%,1.05%,,,,
1909.03,8.92,0.41,0.63,9.04,1909.21,3.79,311.54,14.32," 2,103.39 ",21.83, 147.38 ,14.34,,17.77,,5.86%,1.00,6.69,-1.15%,-2.39%,1.24%,,,,
1909.04,9.32,0.41,0.64,9.23,1909.29,3.80,318.80,14.14," 2,160.36 ",21.89, 148.35 ,14.65,,18.16,,5.77%,1.00,6.57,-1.22%,-2.38%,1.17%,,,,
1909.05,9.63,0.42,0.66,9.32,1909.37,3.81,326.04,14.11," 2,217.40 ",22.18, 150.82 ,14.95,,18.55,,5.73%,1.00,6.51,-0.88%,-2.41%,1.53%,,,,
1909.06,9.80,0.42,0.67,9.42,1909.46,3.82,328.44,14.08," 2,241.72 ",22.45, 153.26 ,15.04,,18.66,,5.64%,1.00,6.46,-0.68%,-2.33%,1.65%,,,,
1909.07,9.94,0.42,0.69,9.42,1909.54,3.84,333.14,14.19," 2,281.82 ",22.96, 157.25 ,15.23,,18.90,,5.41%,1.00,6.48,-0.78%,-2.62%,1.85%,,,,
1909.08,10.18,0.43,0.70,9.51,1909.62,3.85,337.77,14.16," 2,321.62 ",23.23, 159.64 ,15.42,,19.13,,5.29%,1.00,6.43,-1.75%,-2.70%,0.95%,,,,
1909.09,10.19,0.43,0.72,9.61,1909.71,3.86,334.75,14.13," 2,309.00 ",23.49, 162.02 ,15.25,,18.93,,5.05%,1.00,6.38,-1.55%,-2.68%,1.12%,,,,
1909.1,10.23,0.43,0.73,9.80,1909.79,3.87,329.54,13.96," 2,281.06 ",23.52, 162.77 ,14.99,,18.60,,5.23%,1.00,6.27,-1.06%,-2.66%,1.60%,,,,
1909.11,10.18,0.44,0.75,9.90,1909.87,3.89,324.78,13.93," 2,256.12 ",23.77, 165.11 ,14.75,,18.29,,5.30%,1.00,6.22,-1.41%,-2.79%,1.37%,,,,
1909.12,10.30,0.44,0.76,9.99,1909.96,3.90,325.47,13.90," 2,269.02 ",24.02, 167.42 ,14.75,,18.30,,5.26%,1.00,6.17,-1.93%,-2.92%,0.99%,,,,
1910.01,10.08,0.44,0.76,9.90,1910.04,3.91,321.59,14.12," 2,250.11 ",24.17, 169.09 ,14.55,,18.05,,5.24%,1.00,6.25,-2.10%,-3.22%,1.12%,,,,
1910.02,9.72,0.45,0.76,9.90,1910.12,3.92,310.10,14.20," 2,178.03 ",24.09, 169.18 ,14.00,,17.37,,5.38%,1.00,6.26,-2.67%,-3.32%,0.65%,,,,
1910.03,9.96,0.45,0.75,10.09,1910.21,3.92,311.76,14.01," 2,197.91 ",23.55, 166.06 ,14.05,,17.44,,5.55%,1.00,6.16,-2.15%,-3.23%,1.08%,,,,
1910.04,9.72,0.45,0.75,10.18,1910.29,3.93,301.