,458.95,15.88," 9,573.38 ",25.83, 538.74 ,27.08,,33.59,,0.45%,1.01,8.15,0.54%,6.29%,-5.75%,,,,
1929.02,24.99,0.87,1.42,17.10,1929.12,3.57,461.35,16.06," 9,651.36 ",26.18, 547.64 ,27.13,,33.56,,0.65%,1.01,8.20,0.49%,6.35%,-5.86%,,,,
1929.03,25.43,0.88,1.44,17.00,1929.21,3.55,472.23,16.34," 9,907.55 ",26.70, 560.25 ,27.68,,34.13,,0.42%,1.01,8.29,0.25%,6.26%,-6.01%,,,,
1929.04,25.28,0.89,1.46,16.90,1929.29,3.52,472.23,16.63," 9,936.46 ",27.22, 572.68 ,27.57,,33.90,,0.22%,1.01,8.38,-1.01%,6.25%,-7.26%,,,,
1929.05,25.66,0.90,1.48,17.00,1929.37,3.50,476.50,16.71," 10,055.80 ",27.41, 578.42 ,27.70,,33.97,,0.17%,1.01,8.37,-0.73%,6.29%,-7.02%,,,,
1929.06,26.15,0.91,1.50,17.10,1929.46,3.47,482.76,16.80," 10,217.43 ",27.60, 584.13 ,27.94,,34.17,,0.23%,1.01,8.36,-0.67%,6.34%,-7.01%,,,,
1929.07,28.48,0.92,1.51,17.30,1929.54,3.45,519.70,16.79," 11,028.79 ",27.63, 586.29 ,29.93,,36.51,,-0.16%,1.01,8.31,-1.15%,6.44%,-7.59%,,,,
1929.08,30.10,0.93,1.53,17.30,1929.62,3.42,549.26,16.97," 11,686.14 ",27.97, 595.18 ,31.48,,38.29,,-0.47%,1.01,8.35,-1.83%,6.42%,-8.24%,,,,
1929.09,31.30,0.94,1.55,17.30,1929.71,3.39,571.16,17.15," 12,182.44 ",28.32, 604.06 ,32.56,,39.50,,-0.61%,1.01,8.39,-1.42%,6.17%,-7.58%,,,,
1929.1,27.99,0.95,1.57,17.30,1929.79,3.37,510.76,17.34," 10,924.95 ",28.69, 613.58 ,28.96,,35.05,,-0.37%,1.00,8.43,-0.13%,6.22%,-6.35%,,,,
1929.11,20.58,0.96,1.59,17.30,1929.87,3.34,375.54,17.52," 8,063.93 ",29.03, 623.41 ,21.17,,25.59,,0.71%,1.00,8.48,2.81%,6.20%,-3.39%,,,,
1929.12,21.40,0.97,1.61,17.20,1929.96,3.32,392.78,17.80," 8,465.85 ",29.55, 636.92 ,22.01,,26.57,,0.29%,1.00,8.57,2.11%,6.12%,-4.01%,,,,
1930.01,21.71,0.97,1.56,17.10,1930.04,3.29,400.80,17.92," 8,670.90 ",28.74, 621.86 ,22.31,,26.90,,-0.01%,1.00,8.66,1.92%,6.11%,-4.19%,,,,
1930.02,23.07,0.97,1.50,17.00,1930.12,3.29,428.41,18.04," 9,300.81 ",27.91, 605.94 ,23.70,,28.53,,-0.44%,1.00,8.73,1.11%,5.99%,-4.87%,,,,
1930.03,23.94,0.97,1.45,16.90,1930.21,3.30,447.19,18.17," 9,741.53 ",27.09, 590.03 ,24.59,,29.57,,-0.75%,1.00,8.81,0.63%,5.94%,-5.31%,,,,
1930.04,25.46,0.97,1.40,17.00,1930.29,3.30,472.79,18.07," 10,331.91 ",25.94, 566.92 ,25.84,,31.04,,-1.19%,1.00,8.77,0.18%,6.01%,-5.83%,,,,
1930.05,23.94,0.97,1.34,16.90,1930.37,3.31,447.19,18.20," 9,805.70 ",25.09, 550.09 ,24.31,,29.17,,-1.15%,1.00,8.85,-0.72%,5.97%,-6.69%,,,,
1930.06,21.52,0.98,1.29,16.80,1930.46,3.31,404.38,18.32," 8,900.43 ",24.24, 533.53 ,21.87,,26.24,,-0.90%,1.00,8.92,-0.67%,5.84%,-6.51%,,,,
1930.07,21.06,0.98,1.24,16.60,1930.54,3.32,400.51,18.56," 8,849.16 ",23.52, 519.77 ,21.55,,25.85,,-0.90%,1.00,9.05,-0.16%,5.80%,-5.97%,,,,
1930.08,20.79,0.98,1.18,16.50,1930.62,3.32,397.77,18.69," 8,823.06 ",22.63, 502.05 ,21.30,,25.56,,-0.68%,1.00,9.13,0.13%,5.75%,-5.62%,,,,
1930.09,20.78,0.98,1.13,16.60,1930.71,3.32,395.18,18.59," 8,800.05 ",21.49, 478.54 ,21.07,,25.29,,-0.42%,1.00,9.10,0.62%,5.83%,-5.21%,,,,
1930.1,17.92,0.98,1.08,16.50,1930.79,3.33,342.86,18.72," 7,669.61 ",20.61, 460.95 ,18.21,,21.88,,0.31%,1.00,9.17,2.16%,5.78%,-3.62%,,,,
1930.11,16.62,0.98,1.02,16.40,1930.87,3.33,319.92,18.85," 7,191.73 ",19.69, 442.67 ,16.94,,20.38,,0.71%,1.00,9.25,3.11%,5.73%,-2.62%,,,,
1930.12,15.51,0.98,0.97,16.10,1930.96,3.34,304.12,19.22," 6,872.47 ",19.02, 429.81 ,16.06,,19.35,,1.05%,1.00,9.45,3.13%,5.47%,-2.34%,,,,
1931.01,15.98,0.97,0.94,15.90,1931.04,3.34,317.28,19.19," 7,205.93 ",18.66, 423.88 ,16.71,,20.17,,0.88%,1.00,9.59,2.72%,5.35%,-2.63%,,,,
1931.02,17.20,0.95,0.91,15.70,1931.12,3.37,345.85,19.17," 7,891.16 ",18.30, 417.50 ,18.16,,21.96,,0.56%,1.00,9.71,1.19%,5.19%,-4.00%,,,,
1931.03,17.53,0.94,0.88,15.60,1931.21,3.40,354.75,19.02," 8,130.28 ",17.81, 408.14 ,18.58,,22.49,,0.40%,1.00,9.78,0.94%,5.02%,-4.09%,,,,
1931.04,15.86,0.93,0.85,15.50,1931.29,3.43,323.02,18.87," 7,439.25 ",17.31, 398.70 ,16.87,,20.46,,0.96%,1.00,9.85,1.50%,4.85%,-3.35%,,,,
1931.05,14.33,0.91,0.82,15.30,1931.37,3.45,295.67,18.84," 6,845.62 ",16.92, 391.72 ,15.40,,18.72,,1.59%,1.00,9.98,2.12%,4.62%,-2.50%,,,,
1931.06,13.87,0.90,0.79,15.10,1931.46,3.48,289.97,18.82," 6,749.94 ",16.52, 384.46 ,15.06,,18.36,,1.64%,1.00,10.12,2.46%,4.24%,-1.78%,,,,
1931.07,14.33,0.89,0.76,15.10,1931.54,3.51,299.59,18.54," 7,009.76 ",15.89, 371.77 ,15.52,,18.96,,1.36%,1.00,10.12,2.64%,4.21%,-1.57%,,,,
1931.08,13.90,0.87,0.73,15.10,1931.62,3.54,290.60,18.26," 6,835.02 ",15.26, 358.96 ,15.01,,18.38,,1.55%,1.00,10.13,2.77%,4.05%,-1.27%,,,,
1931.09,11.83,0.86,0.70,15.00,1931.71,3.57,248.97,18.10," 5,891.40 ",14.73, 348.60 ,12.82,,15.76,,2.71%,1.00,10.20,4.26%,3.81%,0.45%,,,,
1931.1,10.25,0.85,0.67,14.90,1931.79,3.60,217.17,17.94," 5,174.18 ",14.20, 338.21 ,11.15,,13.76,,3.78%,1.00,10.28,5.12%,3.58%,1.54%,,,,
1931.11,10.39,0.83,0.64,14.70,1931.87,3.62,223.13,17.90," 5,351.74 ",13.74, 329.66 ,11.42,,14.16,,3.46%,1.00,10.42,4.26%,3.35%,0.91%,,,,
1931.12,8.44,0.82,0.61,14.60,1931.96,3.65,182.49,17.73," 4,412.54 ",13.19, 318.92 ,9.31,,11.61,,5.41%,1.00,10.50,5.58%,3.19%,2.39%,,,,
1932.01,8.30,0.79,0.59,14.30,1932.04,3.68,183.23,17.51," 4,465.67 ",13.10, 319.21 ,9.31,,11.69,,5.40%,1.01,10.73,5.59%,2.82%,2.78%,,,,
1932.02,8.23,0.77,0.58,14.10,1932.12,3.65,184.26,17.17," 4,525.68 ",12.91, 317.13 ,9.34,,11.79,,5.27%,1.01,10.94,5.12%,2.57%,2.55%,,,,
1932.03,8.26,0.74,0.56,14.00,1932.21,3.62,186.26,16.69," 4,608.77 ",12.63, 312.46 ,9.41,,11.95,,5.26%,1.01,11.08,4.28%,2.33%,1.96%,,,,
1932.04,6.28,0.71,0.54,13.90,1932.29,3.59,142.63,16.20," 3,562.62 ",12.34, 308.21 ,7.19,,9.19,,8.50%,1.01,11.23,6.56%,2.16%,4.41%,,,,
1932.05,5.51,0.69,0.53,13.70,1932.37,3.56,126.97,15.82," 3,204.37 ",12.14, 306.31 ,6.39,,8.24,,10.13%,1.01,11.45,7.76%,1.85%,5.92%,,,,
1932.06,4.77,0.66,0.51,13.60,1932.46,3.53,110.72,15.32," 2,826.64 ",11.84, 302.22 ,5.57,,7.24,,12.41%,1.01,11.60,9.73%,1.73%,8.00%,,,,
1932.07,5.01,0.63,0.49,13.60,1932.54,3.50,116.29,14.70," 3,000.13 ",11.45, 295.40 ,5.84,,7.65,,11.54%,1.01,11.67,9.48%,1.64%,7.84%,,,,
1932.08,7.53,0.61,0.48,13.50,1932.62,3.46,176.08,14.19," 4,573.08 ",11.15, 289.51 ,8.83,,11.63,,5.81%,1.01,11.82,4.90%,1.46%,3.44%,,,,
1932.09,8.26,0.58,0.46,13.40,1932.71,3.43,194.60,13.66," 5,083.43 ",10.84, 283.10 ,9.76,,12.89,,4.69%,1.01,11.97,3.97%,1.35%,2.61%,,,,
1932.1,7.12,0.55,0.44,13.30,1932.79,3.40,169.00,13.13," 4,443.38 ",10.52, 276.65 ,8.48,,11.24,,6.14%,1.01,12.13,6.06%,1.12%,4.94%,,,,
1932.11,7.05,0.53,0.43,13.20,1932.87,3.37,168.61,12.60," 4,460.63 ",10.20, 269.98 ,8.46,,11.26,,6.06%,1.01,12.28,6.18%,0.95%,5.23%,,,,
1932.12,6.82,0.50,0.41,13.10,1932.96,3.34,164.35,12.05," 4,374.61 ",9.88, 262.99 ,8.26,,11.03,,6.26%,1.01,12.44,6.43%,0.78%,5.66%,,,,
1933.01,7.09,0.50,0.41,12.90,1933.04,3.31,173.51,12.11," 4,645.17 ",10.09, 270.26 ,8.73,,11.69,,5.54%,1.00,12.71,6.47%,0.59%,5.88%,,,,
1933.02,6.25,0.49,0.42,12.70,1933.12,3.29,155.36,12.18," 4,186.49 ",10.32, 277.98 ,7.83,,10.52,,6.72%,1.00,12.96,8.25%,0.41%,7.84%,,,,
1933.03,6.23,0.49,0.42,12.60,1933.21,3.28,156.09,12.15," 4,233.50 ",10.46, 283.71 ,7.87,,10.63,,6.58%,1.00,13.11,8.37%,0.13%,8.23%,,,,
1933.04,6.89,0.48,0.42,12.60,1933.29,3.26,172.63,12.03," 4,709.17 ",10.52, 287.06 ,8.72,,11.81,,5.31%,1.00,13.17,7.49%,0.00%,7.50%,,,,
1933.05,8.87,0.48,0.42,12.60,1933.37,3.25,222.24,11.90," 6,089.51 ",10.59, 290.06 ,11.25,,15.25,,2.75%,1.00,13.22,5.15%,-0.08%,5.23%,,,,
1933.06,10.39,0.47,0.43,12.70,1933.46,3.23,258.27,11.68," 7,103.55 ",10.56, 290.57 ,13.10,,17.77,,1.53%,1.00,13.17,3.77%,-0.02%,3.79%,,,,
1933.07,11.23,0.47,0.43,13.10,1933.54,3.22,270.62,11.21," 7,469.10 ",10.30, 284.33 ,13.75,,18.66,,1.37%,1.00,12.82,3.56%,0.33%,3.24%,,,,
1933.08,10.67,0.46,0.43,13.20,1933.62,3.20,255.18,11.00," 7,068.18 ",10.28, 284.85 ,13.00,,17.65,,1.94%,1.00,12.77,3.71%,0.44%,3.27%,,,,
1933.09,10.58,0.46,0.43,13.20,1933.71,3.18,253.03,10.88," 7,033.68 ",10.34, 287.53 ,12.92,,17.55,,1.94%,1.00,12.83,3.97%,0.36%,3.60%,,,,
1933.1,9.55,0.45,0.44,13.20,1933.79,3.17,228.40,10.76," 6,373.86 ",10.40, 290.33 ,11.70,,15.90,,2.71%,1.00,12.88,4.94%,0.34%,4.60%,,,,
1933.11,9.78,0.45,0.44,13.20,1933.87,3.15,233.90,10.64," 6,552.11 ",10.46, 293.10 ,12.01,,16.33,,2.50%,1.00,12.93,4.21%,0.32%,3.88%,,,,
1933.12,9.97,0.44,0.44,13.20,1933.96,3.14,238.44,10.52," 6,703.97 ",10.52, 295.86 ,12.28,,16.71,,2.34%,1.00,12.98,4.15%,0.30%,3.85%,,,,
1934.01,10.54,0.44,0.44,13.20,1934.04,3.12,252.07,10.54," 7,111.94 ",10.62, 299.73 ,13.03,,17.72,,1.89%,1.00,13.03,3.91%,0.28%,3.63%,,,,
1934.02,11.32,0.44,0.45,13.30,1934.12,3.09,268.69,10.48," 7,605.47 ",10.64, 301.20 ,13.93,,18.95,,1.55%,1.00,13.00,3.19%,0.34%,2.85%,,,,
1934.03,10.74,0.44,0.45,13.30,1934.21,3.07,254.92,10.50," 7,240.57 ",10.74, 305.06 ,13.25,,18.04,,2.00%,1.00,13.06,4.03%,0.32%,3.71%,,,,
1934.04,10.92,0.44,0.46,13.30,1934.29,3.04,259.20,10.52," 7,386.82 ",10.84, 308.93 ,13.52,,18.40,,1.94%,1.00,13.12,3.63%,0.24%,3.39%,,,,
1934.05,9.81,0.44,0.46,13.30,1934.37,3.01,232.85,10.54," 6,661.01 ",10.94, 312.88 ,12.18,,16.58,,2.77%,1.00,13.19,4.93%,0.22%,4.71%,,,,
1934.06,9.94,0.45,0.47,13.40,1934.46,2.98,234.18,10.48," 6,723.90 ",10.95, 314.55 ,12.29,,16.73,,2.80%,1.00,13.15,5.30%,0.22%,5.08%,,,,
1934.07,9.47,0.45,0.47,13.40,1934.54,2.96,223.10,10.50," 6,431.10 ",11.05, 318.63 ,11.74,,16.00,,3.15%,1.00,13.22,6.03%,0.14%,5.89%,,,,
1934.08,9.10,0.45,0.47,13.40,1934.62,2.93,214.39,10.52," 6,205.11 ",11.15, 322.73 ,11.32,,15.43,,3.56%,1.00,13.28,6.29%,0.12%,6.17%,,,,
1934.09,8.88,0.45,0.48,13.60,1934.71,2.90,206.13,10.39," 5,991.11 ",11.08, 322.16 ,10.91,,14.89,,4.00%,1.00,13.15,6.54%,0.25%,6.29%,,,,
1934.1,8.95,0.45,0.48,13.50,1934.79,2.87,209.29,10.48," 6,108.45 ",11.26, 328.76 ,11.11,,15.17,,3.74%,1.00,13.31,6.63%,0.15%,6.48%,,,,
1934.11,9.20,0.45,0.49,13.50,1934.87,2.85,215.14,10.50," 6,304.63 ",11.36, 332.91 ,11.45,,15.65,,3.50%,1.00,13.37,6.27%,0.13%,6.13%,,,,
1934.12,9.26,0.45,0.49,13.40,1934.96,2.82,218.16,10.60," 6,418.99 ",11.54, 339.67 ,11.64,,15.92,,3.25%,1.00,13.54,6.29%,-0.02%,6.30%,,,,
1935.01,9.26,0.45,0.57,13.60,1935.04,2.79,214.95,10.45," 6,350.21 ",13.23, 390.89 ,11.50,,15.73,,3.53%,1.00,13.40,6.76%,0.11%,6.64%,,,,
1935.02,8.98,0.45,0.65,13.70,1935.12,2.78,206.93,10.37," 6,138.77 ",14.98, 444.34 ,11.09,,15.18,,3.99%,1.00,13.35,7.51%,0.19%,7.33%,,,,
1935.03,8.41,0.45,0.73,13.70,1935.21,2.77,193.79,10.37," 5,774.75 ",16.82, 501.26 ,10.40,,