,,12.11,,12.99%,1.00,6.22,5.35%,6.90%,-1.55%,,,,
1922.11,8.80,0.51,0.66,16.80,1922.87,4.35,165.36,9.50," 2,503.57 ",12.34, 186.83 ,8.00,,11.49,,13.69%,1.00,6.20,5.95%,7.07%,-1.12%,,,,
1922.12,8.78,0.51,0.69,16.90,1922.96,4.36,164.01,9.53," 2,495.12 ",12.89, 196.09 ,7.96,,11.45,,13.90%,1.00,6.19,5.78%,7.24%,-1.46%,,,,
1923.01,8.90,0.51,0.71,16.80,1923.04,4.36,167.24,9.62," 2,556.47 ",13.42, 205.15 ,8.15,,11.73,,13.44%,1.01,6.24,6.15%,7.36%,-1.21%,,,,
1923.02,9.28,0.51,0.74,16.80,1923.12,4.34,174.38,9.65," 2,677.91 ",13.87, 213.05 ,8.53,,12.27,,12.92%,1.01,6.28,4.57%,7.51%,-2.94%,,,,
1923.03,9.43,0.52,0.76,16.80,1923.21,4.31,177.20,9.68," 2,733.58 ",14.33, 221.03 ,8.70,,12.51,,12.72%,1.01,6.32,4.47%,7.58%,-3.11%,,,,
1923.04,9.10,0.52,0.79,16.90,1923.29,4.29,169.99,9.65," 2,634.72 ",14.70, 227.77 ,8.37,,12.04,,13.26%,1.01,6.31,5.98%,7.63%,-1.65%,,,,
1923.05,8.67,0.52,0.81,16.90,1923.37,4.26,161.95,9.68," 2,522.72 ",15.15, 235.92 ,8.00,,11.51,,13.95%,1.01,6.35,9.21%,7.61%,1.60%,,,,
1923.06,8.34,0.52,0.84,17.00,1923.46,4.24,154.87,9.66," 2,424.96 ",15.51, 242.79 ,7.67,,11.04,,14.46%,1.01,6.35,11.35%,7.57%,3.77%,,,,
1923.07,8.06,0.52,0.86,17.20,1923.54,4.21,147.93,9.58," 2,328.79 ",15.77, 248.25 ,7.35,,10.57,,15.08%,1.01,6.31,12.36%,7.35%,5.01%,,,,
1923.08,8.10,0.52,0.88,17.10,1923.62,4.19,149.54,9.66," 2,366.71 ",16.31, 258.09 ,7.44,,10.72,,14.87%,1.01,6.38,11.56%,7.19%,4.37%,,,,
1923.09,8.15,0.53,0.91,17.20,1923.71,4.16,149.59,9.64," 2,380.18 ",16.66, 265.03 ,7.46,,10.75,,14.82%,1.01,6.38,11.44%,7.24%,4.21%,,,,
1923.1,8.03,0.53,0.93,17.30,1923.79,4.14,146.53,9.61," 2,344.33 ",17.00, 272.01 ,7.32,,10.55,,15.17%,1.01,6.37,10.52%,7.28%,3.24%,,,,
1923.11,8.27,0.53,0.96,17.30,1923.87,4.11,150.91,9.64," 2,427.25 ",17.44, 280.53 ,7.55,,10.88,,14.67%,1.01,6.41,10.44%,7.27%,3.17%,,,,
1923.12,8.55,0.53,0.98,17.30,1923.96,4.09,156.02,9.67," 2,522.39 ",17.88, 289.12 ,7.81,,11.26,,14.35%,1.01,6.44,10.27%,7.25%,3.02%,,,,
1924.01,8.83,0.53,0.98,17.30,1924.04,4.06,161.13,9.70," 2,618.07 ",17.81, 289.32 ,8.07,,11.63,,13.96%,1.00,6.48,10.51%,7.24%,3.27%,,,,
1924.02,8.87,0.53,0.97,17.20,1924.12,4.04,162.80,9.79," 2,658.47 ",17.83, 291.23 ,8.16,,11.76,,13.89%,1.00,6.55,11.08%,7.09%,3.99%,,,,
1924.03,8.70,0.54,0.97,17.10,1924.21,4.03,160.61,9.88," 2,636.21 ",17.86, 293.16 ,8.06,,11.61,,14.00%,1.00,6.62,10.63%,7.03%,3.60%,,,,
1924.04,8.50,0.54,0.96,17.00,1924.29,4.01,157.84,9.97," 2,604.39 ",17.89, 295.15 ,7.92,,11.42,,14.27%,1.00,6.69,10.99%,6.97%,4.01%,,,,
1924.05,8.47,0.54,0.96,17.00,1924.37,3.99,157.29,10.00," 2,608.94 ",17.81, 295.45 ,7.90,,11.38,,14.22%,1.00,6.72,9.83%,6.98%,2.85%,,,,
1924.06,8.63,0.54,0.96,17.00,1924.46,3.98,160.26,10.03," 2,672.08 ",17.73, 295.69 ,8.05,,11.60,,14.00%,1.00,6.75,9.67%,6.90%,2.77%,,,,
1924.07,9.03,0.54,0.95,17.10,1924.54,3.96,166.71,10.00," 2,793.48 ",17.55, 294.14 ,8.38,,12.07,,13.49%,1.00,6.74,8.70%,6.96%,1.73%,,,,
1924.08,9.34,0.54,0.95,17.00,1924.62,3.94,173.44,10.09," 2,920.47 ",17.58, 296.02 ,8.72,,12.56,,12.77%,1.00,6.81,7.83%,6.90%,0.93%,,,,
1924.09,9.25,0.55,0.94,17.10,1924.71,3.93,170.77,10.06," 2,889.53 ",17.40, 294.42 ,8.58,,12.36,,13.03%,1.00,6.81,7.56%,6.81%,0.76%,,,,
1924.1,9.13,0.55,0.94,17.20,1924.79,3.91,167.57,10.03," 2,849.61 ",17.22, 292.86 ,8.42,,12.13,,13.44%,1.00,6.80,7.92%,6.95%,0.97%,,,,
1924.11,9.64,0.55,0.93,17.20,1924.87,3.89,176.93,10.06," 3,023.05 ",17.15, 292.96 ,8.89,,12.80,,12.72%,1.00,6.83,7.63%,6.95%,0.68%,,,,
1924.12,10.16,0.55,0.93,17.30,1924.96,3.88,185.40,10.04," 3,181.99 ",16.97, 291.26 ,9.31,,13.41,,12.39%,1.00,6.82,7.27%,7.09%,0.18%,,,,
1925.01,10.58,0.55,0.96,17.30,1925.04,3.86,193.06,10.11," 3,327.99 ",17.46, 300.93 ,9.69,,13.95,,11.99%,1.00,6.85,6.67%,6.94%,-0.26%,,,,
1925.02,10.67,0.56,0.98,17.20,1925.12,3.85,195.84,10.25," 3,390.54 ",18.05, 312.46 ,9.83,,14.14,,11.90%,1.00,6.92,6.12%,6.78%,-0.67%,,,,
1925.03,10.39,0.56,1.01,17.30,1925.21,3.83,189.60,10.26," 3,297.29 ",18.43, 320.53 ,9.52,,13.69,,12.42%,1.00,6.91,5.76%,6.83%,-1.07%,,,,
1925.04,10.28,0.57,1.04,17.20,1925.29,3.82,188.68,10.40," 3,296.42 ",19.03, 332.53 ,9.48,,13.62,,12.31%,1.00,6.98,6.50%,6.68%,-0.18%,,,,
1925.05,10.61,0.57,1.06,17.30,1925.37,3.80,193.61,10.42," 3,397.74 ",19.40, 340.41 ,9.73,,13.96,,12.01%,1.00,6.98,7.02%,6.73%,0.29%,,,,
1925.06,10.80,0.58,1.09,17.50,1925.46,3.79,194.83,10.37," 3,434.23 ",19.66, 346.60 ,9.80,,14.04,,12.07%,1.00,6.93,7.43%,6.92%,0.50%,,,,
1925.07,11.10,0.58,1.12,17.70,1925.54,3.77,197.97,10.33," 3,504.91 ",19.92, 352.70 ,9.96,,14.26,,12.04%,1.00,6.88,7.79%,7.03%,0.76%,,,,
1925.08,11.25,0.58,1.14,17.70,1925.62,3.76,200.65,10.40," 3,567.63 ",20.39, 362.47 ,10.11,,14.45,,11.91%,1.00,6.91,8.34%,7.02%,1.32%,,,,
1925.09,11.51,0.59,1.17,17.70,1925.71,3.74,205.29,10.48," 3,665.60 ",20.87, 372.61 ,10.36,,14.78,,11.68%,1.00,6.94,8.31%,7.01%,1.30%,,,,
1925.1,11.89,0.59,1.20,17.70,1925.79,3.73,212.06,10.55," 3,802.33 ",21.35, 382.79 ,10.72,,15.26,,11.27%,1.00,6.97,8.23%,7.00%,1.24%,,,,
1925.11,12.26,0.60,1.22,18.00,1925.87,3.71,215.02,10.45," 3,870.92 ",21.45, 386.14 ,10.89,,15.46,,11.22%,1.00,6.88,8.97%,7.09%,1.88%,,,,
1925.12,12.46,0.60,1.25,17.90,1925.96,3.70,219.75,10.58," 3,971.92 ",22.05, 398.47 ,11.15,,15.79,,10.96%,1.00,6.95,8.72%,7.02%,1.70%,,,,
1926.01,12.65,0.61,1.25,17.90,1926.04,3.68,223.10,10.71," 4,048.62 ",22.03, 399.74 ,11.34,,16.02,,10.72%,1.01,6.98,9.13%,7.00%,2.12%,,,,
1926.02,12.67,0.62,1.25,17.90,1926.12,3.65,223.45,10.85," 4,071.43 ",22.01, 401.04 ,11.39,,16.04,,10.71%,1.01,7.02,9.71%,6.97%,2.74%,,,,
1926.03,11.81,0.62,1.25,17.80,1926.21,3.62,209.45,11.04," 3,833.15 ",22.13, 405.06 ,10.71,,15.05,,11.13%,1.01,7.10,10.72%,6.95%,3.77%,,,,
1926.04,11.48,0.63,1.25,17.90,1926.29,3.60,202.46,11.11," 3,722.18 ",21.99, 404.32 ,10.40,,14.56,,11.40%,1.01,7.09,11.09%,6.97%,4.12%,,,,
1926.05,11.56,0.64,1.25,17.80,1926.37,3.57,205.02,11.31," 3,786.49 ",22.10, 408.13 ,10.58,,14.77,,11.11%,1.01,7.17,10.33%,6.88%,3.45%,,,,
1926.06,12.11,0.65,1.25,17.70,1926.46,3.54,215.99,11.50," 4,006.76 ",22.21, 411.93 ,11.20,,15.59,,10.46%,1.01,7.25,10.12%,6.70%,3.42%,,,,
1926.07,12.62,0.65,1.24,17.50,1926.54,3.51,227.66,11.77," 4,241.42 ",22.44, 418.09 ,11.87,,16.47,,9.86%,1.01,7.37,10.08%,6.47%,3.61%,,,,
1926.08,13.12,0.66,1.24,17.40,1926.62,3.48,238.04,11.97," 4,453.39 ",22.55, 421.92 ,12.49,,17.26,,9.31%,1.01,7.45,9.72%,6.30%,3.42%,,,,
1926.09,13.32,0.67,1.24,17.50,1926.71,3.45,240.28,12.04," 4,514.22 ",22.40, 420.92 ,12.69,,17.47,,9.08%,1.01,7.45,9.73%,6.33%,3.40%,,,,
1926.1,13.02,0.68,1.24,17.60,1926.79,3.43,233.54,12.11," 4,406.43 ",22.28, 420.34 ,12.43,,17.03,,9.15%,1.01,7.45,10.59%,6.35%,4.24%,,,,
1926.11,13.19,0.68,1.24,17.70,1926.87,3.40,235.25,12.17," 4,457.88 ",22.13, 419.43 ,12.62,,17.22,,8.94%,1.01,7.44,10.80%,6.38%,4.42%,,,,
1926.12,13.49,0.69,1.24,17.70,1926.96,3.37,240.60,12.31," 4,578.71 ",22.12, 420.87 ,13.01,,17.68,,8.63%,1.01,7.48,10.35%,6.34%,4.01%,,,,
1927.01,13.40,0.70,1.23,17.50,1927.04,3.34,241.73,12.57," 4,620.07 ",22.17, 423.74 ,13.19,,17.84,,8.35%,1.00,7.61,10.55%,6.11%,4.44%,,,,
1927.02,13.66,0.70,1.22,17.40,1927.12,3.34,247.83,12.76," 4,757.11 ",22.10, 424.17 ,13.63,,18.36,,7.78%,1.00,7.67,10.59%,6.06%,4.53%,,,,
1927.03,13.87,0.71,1.21,17.30,1927.21,3.34,253.10,12.96," 4,878.88 ",22.04, 424.92 ,14.03,,18.81,,7.51%,1.00,7.74,10.26%,5.92%,4.33%,,,,
1927.04,14.21,0.72,1.20,17.30,1927.29,3.34,259.30,13.08," 5,019.49 ",21.84, 422.82 ,14.49,,19.34,,6.79%,1.00,7.76,9.23%,5.85%,3.38%,,,,
1927.05,14.70,0.72,1.19,17.40,1927.37,3.34,266.70,13.12," 5,183.90 ",21.52, 418.24 ,15.00,,19.94,,6.45%,1.00,7.74,8.35%,5.84%,2.51%,,,,
1927.06,14.89,0.73,1.18,17.60,1927.46,3.34,267.08,13.09," 5,212.45 ",21.08, 411.32 ,15.12,,20.01,,6.35%,1.00,7.67,7.93%,5.96%,1.97%,,,,
1927.07,15.22,0.74,1.16,17.30,1927.54,3.34,277.73,13.44," 5,442.22 ",21.24, 416.21 ,15.82,,20.85,,6.04%,1.00,7.83,8.06%,5.71%,2.35%,,,,
1927.08,16.03,0.74,1.15,17.20,1927.62,3.33,294.21,13.64," 5,787.46 ",21.16, 416.28 ,16.86,,22.14,,5.44%,1.00,7.90,7.55%,5.65%,1.90%,,,,
1927.09,16.94,0.75,1.14,17.30,1927.71,3.33,309.12,13.69," 6,103.08 ",20.86, 411.80 ,17.82,,23.29,,4.94%,1.00,7.87,5.33%,5.64%,-0.31%,,,,
1927.1,16.68,0.76,1.13,17.40,1927.79,3.33,302.63,13.73," 5,997.46 ",20.54, 407.02 ,17.54,,22.84,,4.94%,1.00,7.85,3.92%,5.70%,-1.78%,,,,
1927.11,17.06,0.76,1.12,17.30,1927.87,3.33,311.31,13.93," 6,192.56 ",20.46, 406.91 ,18.13,,23.52,,4.69%,1.00,7.92,2.77%,5.72%,-2.94%,,,,
1927.12,17.46,0.77,1.11,17.30,1927.96,3.33,318.61,14.05," 6,361.04 ",20.26, 404.40 ,18.65,,24.10,,4.39%,1.00,7.94,2.46%,5.79%,-3.33%,,,,
1928.01,17.53,0.78,1.13,17.30,1928.04,3.33,319.89,14.17," 6,410.13 ",20.67, 414.30 ,18.81,,24.22,,4.13%,1.00,7.96,2.86%,5.94%,-3.09%,,,,
1928.02,17.32,0.78,1.16,17.10,1928.12,3.35,319.75,14.46," 6,431.56 ",21.32, 428.89 ,18.87,,24.22,,3.90%,1.00,8.06,2.71%,5.92%,-3.22%,,,,
1928.03,18.25,0.79,1.18,17.10,1928.21,3.38,336.92,14.58," 6,801.35 ",21.73, 438.64 ,19.94,,25.51,,3.66%,1.00,8.07,1.50%,5.95%,-4.45%,,,,
1928.04,19.40,0.80,1.20,17.10,1928.29,3.40,358.15,14.71," 7,254.67 ",22.15, 448.74 ,21.26,,27.10,,3.18%,1.00,8.08,0.42%,5.91%,-5.48%,,,,
1928.05,20.00,0.80,1.22,17.20,1928.37,3.42,367.08,14.74," 7,460.45 ",22.43, 455.83 ,21.83,,27.73,,2.88%,1.00,8.04,0.37%,6.07%,-5.70%,,,,
1928.06,19.02,0.81,1.25,17.10,1928.46,3.44,351.13,14.95," 7,161.70 ",22.98, 468.79 ,20.91,,26.48,,2.86%,1.00,8.09,1.07%,6.03%,-4.97%,,,,
1928.07,19.16,0.82,1.27,17.10,1928.54,3.47,353.72,15.08," 7,240.04 ",23.41, 479.14 ,21.08,,26.61,,2.53%,1.00,8.10,2.86%,6.06%,-3.20%,,,,
1928.08,19.78,0.82,1.29,17.10,1928.62,3.49,365.17,15.20," 7,500.25 ",23.82, 489.15 ,21.76,,27.39,,2.16%,1.00,8.11,2.60%,6.09%,-3.49%,,,,
1928.09,21.17,0.83,1.31,17.30,1928.71,3.51,386.31,15.15," 7,960.43 ",23.94, 493.34 ,23.00,,28.87,,1.81%,1.00,8.02,1.57%,6.24%,-4.67%,,,,
1928.1,21.60,0.84,1.34,17.20,1928.79,3.53,396.45,15.36," 8,195.72 ",24.50, 506.54 ,23.58,,29.50,,1.43%,1.00,8.08,2.46%,6.28%,-3.82%,,,,
1928.11,23.06,0.84,1.36,17.20,1928.87,3.56,423.24,15.48," 8,776.35 ",24.91, 516.46 ,25.12,,31.34,,0.96%,1.00,8.09,1.80%,6.30%,-4.50%,,,,
1928.12,23.15,0.85,1.38,17.10,1928.96,3.58,427.38,15.69," 8,889.24 ",25.48, 529.90 ,25.30,,31.47,,0.73%,1.00,8.14,1.41%,6.27%,-4.86%,,,,
1929.01,24.86,0.86,1.40,17.10,1929.04,3.60