41,13.95," 2,133.09 ",23.26, 164.59 ,13.56,,16.83,,5.90%,1.00,6.12,-2.18%,-3.42%,1.24%,,,,
1910.05,9.56,0.45,0.75,9.99,1910.37,3.93,302.09,14.30," 2,146.36 ",23.62, 167.83 ,13.57,,16.85,,5.94%,1.00,6.26,-2.96%,-3.74%,0.78%,,,,
1910.06,9.10,0.46,0.75,9.90,1910.46,3.94,290.32,14.52," 2,071.33 ",23.77, 169.58 ,13.02,,16.18,,6.27%,1.00,6.33,-2.87%,-3.96%,1.09%,,,,
1910.07,8.64,0.46,0.74,9.90,1910.54,3.95,275.65,14.60," 1,975.31 ",23.69, 169.75 ,12.34,,15.35,,6.56%,1.00,6.35,-2.32%,-3.91%,1.59%,,,,
1910.08,8.85,0.46,0.74,9.80,1910.62,3.95,285.09,14.82," 2,051.81 ",23.84, 171.56 ,12.75,,15.86,,6.33%,1.00,6.43,-2.79%,-3.76%,0.97%,,,,
1910.09,8.91,0.46,0.74,9.70,1910.71,3.96,289.83,15.04," 2,095.00 ",23.99, 173.41 ,12.94,,16.11,,5.98%,1.00,6.51,-2.46%,-3.71%,1.25%,,,,
1910.1,9.32,0.47,0.74,9.42,1910.79,3.96,312.36,15.58," 2,267.19 ",24.63, 178.80 ,13.92,,17.34,,5.25%,1.00,6.73,-3.11%,-3.94%,0.83%,,,,
1910.11,9.31,0.47,0.73,9.23,1910.87,3.97,318.46,15.99," 2,321.14 ",25.06, 182.62 ,14.16,,17.65,,4.91%,1.00,6.89,-3.74%,-4.08%,0.35%,,,,
1910.12,9.05,0.47,0.73,9.23,1910.96,3.97,309.56,16.08," 2,266.08 ",24.97, 182.79 ,13.74,,17.14,,5.25%,1.00,6.91,-4.15%,-3.88%,-0.27%,,,,
1911.01,9.27,0.47,0.72,9.23,1911.04,3.98,317.09,16.08," 2,330.98 ",24.57, 180.62 ,14.05,,17.53,,4.96%,1.00,6.93,-3.75%,-3.68%,-0.08%,,,,
1911.02,9.43,0.47,0.71,8.94,1911.12,3.98,332.86,16.59," 2,457.04 ",24.94, 184.13 ,14.72,,18.37,,4.44%,1.00,7.17,-3.96%,-3.61%,-0.35%,,,,
1911.03,9.32,0.47,0.70,9.04,1911.21,3.99,325.51,16.42," 2,412.91 ",24.27, 179.93 ,14.37,,17.94,,4.71%,1.00,7.12,-3.92%,-3.39%,-0.53%,,,,
1911.04,9.28,0.47,0.68,8.75,1911.29,3.99,334.68,16.95," 2,491.37 ",24.64, 183.44 ,14.75,,18.43,,4.33%,1.00,7.37,-4.03%,-3.54%,-0.49%,,,,
1911.05,9.48,0.47,0.67,8.75,1911.37,3.99,341.89,16.95," 2,555.57 ",24.22, 181.07 ,15.05,,18.81,,4.19%,1.00,7.39,-3.71%,-3.26%,-0.45%,,,,
1911.06,9.67,0.47,0.66,8.75,1911.46,3.99,348.74,16.95," 2,617.35 ",23.80, 178.64 ,15.33,,19.16,,4.07%,1.00,7.42,-4.63%,-3.15%,-1.48%,,,,
1911.07,9.63,0.47,0.65,8.85,1911.54,4.00,343.57,16.77," 2,589.00 ",23.13, 174.29 ,15.08,,18.86,,4.15%,1.00,7.36,-4.55%,-3.04%,-1.51%,,,,
1911.08,9.17,0.47,0.64,9.13,1911.62,4.00,316.93,16.24," 2,398.48 ",22.01, 166.53 ,13.90,,17.39,,4.91%,1.00,7.15,-3.88%,-2.68%,-1.20%,,,,
1911.09,8.67,0.47,0.63,9.23,1911.71,4.00,296.56,16.08," 2,254.47 ",21.38, 162.52 ,13.00,,16.28,,5.39%,1.00,7.10,-2.88%,-2.41%,-0.47%,,,,
1911.1,8.72,0.47,0.61,9.23,1911.79,4.00,298.28,16.08," 2,277.66 ",20.98, 160.19 ,13.07,,16.38,,5.34%,1.00,7.12,-2.79%,-2.35%,-0.44%,,,,
1911.11,9.07,0.47,0.60,9.13,1911.87,4.01,313.48,16.24," 2,404.08 ",20.80, 159.49 ,13.73,,17.23,,4.75%,1.00,7.22,-2.70%,-2.34%,-0.36%,,,,
1911.12,9.11,0.47,0.59,9.04,1911.96,4.01,318.17,16.42," 2,450.59 ",20.61, 158.71 ,13.93,,17.49,,4.41%,1.00,7.32,-2.44%,-2.33%,-0.11%,,,,
1912.01,9.12,0.47,0.60,9.13,1912.04,4.01,315.20,16.27," 2,438.17 ",20.71, 160.19 ,13.79,,17.34,,4.70%,1.00,7.27,-2.12%,-1.94%,-0.18%,,,,
1912.02,9.04,0.47,0.61,9.23,1912.12,4.05,309.22,16.13," 2,402.28 ",20.81, 161.65 ,13.53,,17.02,,4.91%,1.00,7.19,-1.71%,-1.81%,0.10%,,,,
1912.03,9.30,0.47,0.62,9.42,1912.21,4.08,311.69,15.84," 2,431.69 ",20.70, 161.46 ,13.64,,17.17,,5.03%,1.00,7.05,-1.30%,-1.46%,0.16%,,,,
1912.04,9.59,0.47,0.63,9.70,1912.29,4.12,311.95,15.40," 2,443.78 ",20.39, 159.70 ,13.65,,17.20,,5.16%,1.00,6.85,-0.72%,-1.14%,0.42%,,,,
1912.05,9.58,0.47,0.64,9.70,1912.37,4.16,311.63,15.43," 2,451.30 ",20.68, 162.69 ,13.65,,17.20,,5.01%,1.00,6.85,-0.32%,-1.11%,0.79%,,,,
1912.06,9.58,0.48,0.65,9.61,1912.46,4.19,314.71,15.60," 2,485.81 ",21.19, 167.36 ,13.79,,17.38,,4.68%,1.00,6.92,-0.51%,-1.19%,0.68%,,,,
1912.07,9.59,0.48,0.65,9.61,1912.54,4.23,315.04,15.63," 2,498.69 ",21.49, 170.45 ,13.80,,17.41,,4.64%,1.00,6.92,-0.50%,-1.22%,0.72%,,,,
1912.08,9.81,0.48,0.66,9.70,1912.62,4.27,319.11,15.51," 2,541.20 ",21.58, 171.82 ,13.98,,17.65,,4.72%,1.00,6.86,-0.13%,-0.98%,0.84%,,,,
1912.09,9.86,0.48,0.67,9.80,1912.71,4.30,317.62,15.38," 2,539.55 ",21.66, 173.21 ,13.93,,17.58,,4.70%,1.00,6.80,0.18%,-0.85%,1.03%,,,,
1912.1,9.84,0.48,0.68,9.80,1912.79,4.34,316.98,15.41," 2,544.67 ",21.96, 176.29 ,13.91,,17.56,,3.99%,1.00,6.80,0.36%,-0.89%,1.25%,,,,
1912.11,9.73,0.48,0.69,9.80,1912.87,4.38,313.43,15.44," 2,526.55 ",22.25, 179.38 ,13.75,,17.37,,4.37%,1.00,6.81,-0.09%,-0.92%,0.83%,,,,
1912.12,9.38,0.48,0.70,9.70,1912.96,4.41,305.12,15.61," 2,470.04 ",22.77, 184.33 ,13.39,,16.92,,4.31%,1.00,6.88,0.10%,-1.05%,1.15%,,,,
1913.01,9.30,0.48,0.69,9.80,1913.04,4.45,299.58,15.46," 2,435.62 ",22.36, 181.81 ,13.15,,16.62,,4.40%,1.01,6.82,0.49%,-0.87%,1.36%,,,,
1913.02,8.97,0.48,0.69,9.80,1913.12,4.43,288.95,15.46," 2,359.67 ",22.17, 181.07 ,12.68,,16.04,,4.71%,1.01,6.85,1.27%,-0.87%,2.15%,,,,
1913.03,8.80,0.48,0.68,9.80,1913.21,4.40,283.48,15.46," 2,325.47 ",21.99, 180.36 ,12.44,,15.75,,5.22%,1.01,6.89,1.63%,-0.87%,2.50%,,,,
1913.04,8.79,0.48,0.68,9.80,1913.29,4.38,283.15,15.46," 2,333.40 ",21.80, 179.64 ,12.43,,15.74,,5.25%,1.01,6.93,1.22%,-0.93%,2.15%,,,,
1913.05,8.55,0.48,0.67,9.70,1913.37,4.35,278.26,15.62," 2,303.82 ",21.83, 180.75 ,12.22,,15.49,,5.54%,1.01,7.04,0.91%,-1.03%,1.94%,,,,
1913.06,8.12,0.48,0.67,9.80,1913.46,4.33,261.57,15.46," 2,176.29 ",21.42, 178.23 ,11.49,,14.58,,6.19%,1.01,7.01,1.09%,-0.99%,2.08%,,,,
1913.07,8.23,0.48,0.66,9.90,1913.54,4.31,262.44,15.31," 2,194.11 ",21.02, 175.74 ,11.53,,14.65,,6.29%,1.01,6.98,0.60%,-1.00%,1.60%,,,,
1913.08,8.45,0.48,0.65,9.90,1913.62,4.28,269.45,15.31," 2,263.42 ",20.83, 174.99 ,11.85,,15.06,,6.08%,1.01,7.02,0.45%,-0.95%,1.39%,,,,
1913.09,8.53,0.48,0.65,10.00,1913.71,4.26,269.28,15.15," 2,272.61 ",20.44, 172.51 ,11.84,,15.07,,6.10%,1.01,6.98,0.46%,-0.90%,1.37%,,,,
1913.1,8.26,0.48,0.64,10.00,1913.79,4.23,260.76,15.15," 2,211.33 ",20.26, 171.79 ,11.47,,14.61,,6.51%,1.01,7.02,0.59%,-0.96%,1.55%,,,,
1913.11,8.05,0.48,0.64,10.10,1913.87,4.21,251.61,15.00," 2,144.38 ",19.87, 169.37 ,11.07,,14.12,,7.07%,1.01,6.99,1.25%,-0.86%,2.11%,,,,
1913.12,8.04,0.48,0.63,10.00,1913.96,4.18,253.81,15.15," 2,173.89 ",19.89, 170.34 ,11.17,,14.27,,6.91%,1.01,7.10,1.50%,-0.96%,2.46%,,,,
1914.01,8.37,0.48,0.62,10.00,1914.04,4.16,264.23,15.00," 2,273.82 ",19.60, 168.65 ,11.64,,14.88,,6.34%,1.00,7.14,1.42%,-0.96%,2.38%,,,,
1914.02,8.48,0.47,0.61,9.90,1914.12,4.17,270.41,14.99," 2,337.72 ",19.51, 168.63 ,11.91,,15.24,,5.80%,1.00,7.23,1.29%,-0.99%,2.28%,,,,
1914.03,8.32,0.47,0.60,9.90,1914.21,4.17,265.31,14.83," 2,304.30 ",19.21, 166.87 ,11.69,,14.97,,6.07%,1.00,7.25,1.35%,-0.91%,2.27%,,,,
1914.04,8.12,0.46,0.59,9.80,1914.29,4.18,261.57,14.82," 2,282.58 ",19.11, 166.78 ,11.52,,14.78,,6.20%,1.00,7.35,1.33%,-0.94%,2.26%,,,,
1914.05,8.17,0.46,0.58,9.90,1914.37,4.19,260.52,14.51," 2,283.99 ",18.63, 163.32 ,11.48,,14.74,,6.57%,1.00,7.30,1.34%,-0.82%,2.16%,,,,
1914.06,8.13,0.45,0.58,9.90,1914.46,4.19,259.25,14.35," 2,283.29 ",18.34, 161.49 ,11.43,,14.69,,6.60%,1.00,7.32,1.58%,-0.80%,2.39%,,,,
1914.07,7.68,0.45,0.57,10.00,1914.54,4.20,242.45,14.05," 2,145.65 ",17.86, 158.07 ,10.69,,13.77,,7.30%,1.00,7.26,2.67%,-0.74%,3.42%,,,,
1914.08,7.68,0.44,0.56,10.20,1914.62,4.21,237.70,13.62," 2,113.62 ",17.23, 153.21 ,10.49,,13.53,,7.55%,1.00,7.14,3.29%,-0.47%,3.76%,,,,
1914.09,7.68,0.44,0.55,10.20,1914.71,4.21,237.70,13.46," 2,123.60 ",16.95, 151.39 ,10.50,,13.56,,7.42%,1.00,7.16,3.13%,-0.51%,3.64%,,,,
1914.1,7.68,0.43,0.54,10.10,1914.79,4.22,240.05,13.44," 2,154.63 ",16.83, 151.02 ,10.61,,13.72,,7.21%,1.00,7.26,2.84%,-0.65%,3.49%,,,,
1914.11,7.68,0.43,0.53,10.20,1914.87,4.23,237.70,13.15," 2,143.34 ",16.38, 147.69 ,10.52,,13.62,,7.16%,1.00,7.21,3.50%,-0.54%,4.04%,,,,
1914.12,7.35,0.42,0.52,10.10,1914.96,4.23,229.73,13.13," 2,081.42 ",16.25, 147.26 ,10.17,,13.19,,7.38%,1.00,7.30,4.34%,-0.68%,5.01%,,,,
1915.01,7.48,0.42,0.55,10.10,1915.04,4.24,233.80,13.15," 2,128.17 ",17.19, 156.48 ,10.36,,13.46,,7.19%,1.00,7.32,4.57%,-0.66%,5.23%,,,,
1915.02,7.38,0.42,0.58,10.00,1915.12,4.22,232.98,13.31," 2,130.81 ",18.31, 167.46 ,10.33,,13.44,,7.13%,1.00,7.43,4.75%,-0.71%,5.46%,,,,
1915.03,7.57,0.42,0.61,9.90,1915.21,4.21,241.39,13.47," 2,218.01 ",19.45, 178.73 ,10.71,,13.94,,6.82%,1.00,7.54,4.04%,-0.87%,4.91%,,,,
1915.04,8.14,0.42,0.64,10.00,1915.29,4.19,256.97,13.36," 2,371.41 ",20.20, 186.45 ,11.40,,14.86,,6.37%,1.00,7.50,3.35%,-0.71%,4.06%,,,,
1915.05,7.95,0.42,0.67,10.10,1915.37,4.18,248.49,13.26," 2,303.32 ",20.94, 194.12 ,11.03,,14.38,,6.90%,1.00,7.46,3.96%,-0.67%,4.64%,,,,
1915.06,8.04,0.43,0.70,10.10,1915.46,4.16,251.30,13.28," 2,339.65 ",21.88, 203.70 ,11.15,,14.55,,6.81%,1.00,7.50,3.91%,-0.79%,4.70%,,,,
1915.07,8.01,0.43,0.73,10.10,1915.54,4.15,250.36,13.31," 2,341.25 ",22.82, 213.37 ,11.11,,14.50,,6.86%,1.00,7.54,4.12%,-0.91%,5.03%,,,,
1915.08,8.35,0.43,0.76,10.10,1915.62,4.13,260.99,13.34," 2,451.02 ",23.75, 223.09 ,11.58,,15.11,,6.40%,1.00,7.57,3.83%,-0.91%,4.74%,,,,
1915.09,8.66,0.43,0.79,10.10,1915.71,4.11,270.68,13.36," 2,552.48 ",24.69, 232.85 ,12.01,,15.66,,6.22%,1.00,7.61,3.69%,-0.92%,4.60%,,,,
1915.1,9.14,0.43,0.82,10.20,1915.79,4.10,282.88,13.26," 2,677.96 ",25.38, 240.25 ,12.55,,16.35,,5.98%,1.00,7.57,3.57%,-0.82%,4.39%,,,,
1915.11,9.46,0.43,0.85,10.30,1915.87,4.08,289.94,13.15," 2,755.18 ",26.05, 247.56 ,12.86,,16.74,,5.79%,1.00,7.53,3.46%,-0.90%,4.35%,,,,
1915.12,9.48,0.43,0.88,10.30,1915.96,4.07,290.56,13.18," 2,771.44 ",26.97, 257.26 ,12.88,,16.75,,5.68%,1.00,7.56,3.66%,-0.84%,4.51%,,,,
1916.01,9.33,0.44,0.93,10.40,1916.04,4.05,283.21,13.38," 2,712.00 ",28.36, 271.55 ,12.54,,16.30,,6.00%,1.00,7.53,4.09%,-0.75%,4.84%,,,,
1916.02,9.20,0.45,0.99,10.40,1916.12,4.07,279.26,13.71," 2,685.16 ",30.00, 288.45 ,12.35,,16.03,,6.11%,1.00,7.54,4.25%,-0.72%,4.97%,,,,
1916.03,9.17,0.46,1.04,10.50,1916.21,4.08,275.70,13.91," 2,662.05 ",31.33, 302.49 ,12.18,,15.79,,6.31%,1.00,7.49,3.71%,-0.54%,4.25%,,,,
1916.04,9.07,0.47,1.10,10.60,1916.29,4.10,270.12,14.10," 2,619.52 ",32.67, 316.83 ,11.91,,15.42,,6.57%,1.00,7.43,3.58%,-0.47%,4.04%,,,,
1916.05,9.27,0.48,1.15,10.70,1916.37,4.11,273.50,14.29," 2,663.81 ",33.96, 330.75 ,12.03,,15.55,,6.46%,1.00,7.38,3.58%,-0.28%,3.86%,,,,
1916.06,9.36,0.50,1.21,10.80,1916.46,4.13,273.60,14.47," 2,676.51 ",35.22, 344.57 ,12.00,,15.49,,6.56%,1.00,7.33,4.12%,-0.10%,4.22%,,,,
1916.07,9.23,0.51,1