.05,0.23,0.29,9.80,1877.62,4.39,98.25,7.30, 153.35 ,9.45, 14.75 ,NA,,NA,,,1.00,1.91,13.96%,6.63%,7.32%,,,,
1877.09,3.24,0.22,0.30,9.70,1877.71,4.38,105.39,7.08, 165.42 ,9.60, 15.06 ,NA,,NA,,,1.00,1.94,13.13%,6.63%,6.50%,,,,
1877.1,3.31,0.21,0.30,9.70,1877.79,4.37,107.67,6.78, 169.88 ,9.65, 15.23 ,NA,,NA,,,1.00,1.95,12.35%,6.48%,5.87%,,,,
1877.11,3.26,0.20,0.30,9.51,1877.87,4.36,108.17,6.61, 171.53 ,9.90, 15.70 ,NA,,NA,,,1.00,2.00,12.37%,6.12%,6.25%,,,,
1877.12,3.25,0.19,0.30,9.51,1877.96,4.35,107.83,6.30, 171.84 ,9.95, 15.86 ,NA,,NA,,,1.00,2.00,12.07%,5.85%,6.22%,,,,
1878.01,3.25,0.19,0.30,9.23,1878.04,4.34,111.17,6.47, 178.01 ,10.29, 16.48 ,NA,,NA,,,1.00,2.08,11.67%,5.38%,6.30%,,,,
1878.02,3.18,0.19,0.30,9.13,1878.12,4.33,109.91,6.51, 176.86 ,10.43, 16.78 ,NA,,NA,,,1.00,2.11,11.85%,5.39%,6.46%,,,,
1878.03,3.24,0.19,0.30,8.94,1878.21,4.32,114.36,6.62, 184.92 ,10.68, 17.26 ,NA,,NA,,,1.00,2.16,10.97%,5.17%,5.80%,,,,
1878.04,3.33,0.19,0.30,8.85,1878.29,4.31,118.80,6.66, 193.00 ,10.82, 17.58 ,NA,,NA,,,1.00,2.19,10.71%,5.18%,5.53%,,,,
1878.05,3.34,0.19,0.30,8.56,1878.37,4.30,123.13,6.85, 200.96 ,11.21, 18.30 ,NA,,NA,,,1.00,2.28,10.59%,4.96%,5.63%,,,,
1878.06,3.41,0.19,0.31,8.37,1878.46,4.29,128.57,6.98, 210.78 ,11.50, 18.85 ,NA,,NA,,,1.00,2.34,9.89%,4.85%,5.04%,,,,
1878.07,3.48,0.18,0.31,8.47,1878.54,4.28,129.74,6.87, 213.63 ,11.40, 18.77 ,NA,,NA,,,1.00,2.32,9.94%,4.85%,5.09%,,,,
1878.08,3.45,0.18,0.31,8.56,1878.62,4.27,127.19,6.76, 210.36 ,11.31, 18.70 ,NA,,NA,,,1.00,2.31,10.38%,4.97%,5.42%,,,,
1878.09,3.52,0.18,0.31,8.56,1878.71,4.26,129.77,6.73, 215.55 ,11.34, 18.83 ,NA,,NA,,,1.00,2.32,10.42%,4.97%,5.46%,,,,
1878.1,3.48,0.18,0.31,8.47,1878.79,4.25,129.74,6.77, 216.44 ,11.49, 19.17 ,NA,,NA,,,1.00,2.35,10.23%,4.73%,5.50%,,,,
1878.11,3.47,0.18,0.31,8.37,1878.87,4.24,130.83,6.82, 219.21 ,11.66, 19.53 ,NA,,NA,,,1.00,2.39,9.77%,4.49%,5.28%,,,,
1878.12,3.45,0.18,0.31,8.18,1878.96,4.23,133.10,6.94, 223.99 ,11.96, 20.13 ,NA,,NA,,,1.00,2.46,9.37%,4.25%,5.11%,,,,
1879.01,3.58,0.18,0.32,8.28,1879.04,4.22,136.53,6.93, 230.73 ,12.04, 20.35 ,NA,,NA,,,1.00,2.44,9.68%,4.74%,4.94%,,,,
1879.02,3.71,0.18,0.32,8.37,1879.12,4.20,139.88,6.91, 237.36 ,12.13, 20.58 ,NA,,NA,,,1.00,2.42,9.66%,4.97%,4.69%,,,,
1879.03,3.65,0.19,0.33,8.28,1879.21,4.19,139.20,7.06, 237.21 ,12.49, 21.28 ,NA,,NA,,,1.00,2.46,9.61%,4.96%,4.66%,,,,
1879.04,3.77,0.19,0.33,8.18,1879.29,4.17,145.45,7.20, 248.88 ,12.86, 22.00 ,NA,,NA,,,1.00,2.50,9.10%,4.82%,4.29%,,,,
1879.05,3.94,0.19,0.34,8.18,1879.37,4.15,152.01,7.26, 261.14 ,13.09, 22.48 ,NA,,NA,,,1.00,2.52,9.18%,5.06%,4.12%,,,,
1879.06,3.96,0.19,0.35,8.09,1879.46,4.14,154.58,7.42, 266.61 ,13.47, 23.23 ,NA,,NA,,,1.00,2.56,9.17%,4.92%,4.26%,,,,
1879.07,4.04,0.19,0.35,8.18,1879.54,4.12,155.87,7.40, 269.90 ,13.53, 23.44 ,NA,,NA,,,1.00,2.54,8.85%,5.02%,3.83%,,,,
1879.08,4.07,0.19,0.36,8.18,1879.62,4.10,157.02,7.46, 272.98 ,13.76, 23.92 ,NA,,NA,,,1.00,2.55,8.91%,5.00%,3.91%,,,,
1879.09,4.22,0.20,0.36,8.47,1879.71,4.09,157.32,7.27, 274.55 ,13.51, 23.58 ,NA,,NA,,,1.00,2.48,9.01%,5.21%,3.80%,,,,
1879.1,4.68,0.20,0.37,8.94,1879.79,4.07,165.19,6.94, 289.29 ,13.00, 22.77 ,NA,,NA,,,1.00,2.36,8.28%,5.77%,2.51%,,,,
1879.11,4.93,0.20,0.37,9.42,1879.87,4.05,165.23,6.65, 290.33 ,12.54, 22.04 ,NA,,NA,,,1.00,2.25,8.18%,6.31%,1.87%,,,,
1879.12,4.92,0.20,0.38,9.70,1879.96,4.04,160.04,6.51, 282.17 ,12.36, 21.79 ,NA,,NA,,,1.00,2.19,8.33%,6.47%,1.86%,,,,
1880.01,5.11,0.21,0.39,9.99,1880.04,4.02,161.47,6.48, 285.64 ,12.30, 21.76 ,NA,,NA,,,1.01,2.14,8.62%,7.03%,1.59%,,,,
1880.02,5.20,0.21,0.40,9.99,1880.12,3.99,164.32,6.64, 291.65 ,12.59, 22.34 ,NA,,NA,,,1.01,2.15,8.31%,6.99%,1.33%,,,,
1880.03,5.30,0.22,0.41,10.09,1880.21,3.97,165.90,6.73, 295.45 ,12.76, 22.72 ,NA,,NA,,,1.01,2.14,8.13%,7.04%,1.08%,,,,
1880.04,5.18,0.22,0.42,9.70,1880.29,3.94,168.50,7.16, 301.15 ,13.55, 24.23 ,NA,,NA,,,1.01,2.24,8.18%,6.59%,1.59%,,,,
1880.05,4.77,0.23,0.43,9.42,1880.37,3.91,159.87,7.54, 286.84 ,14.27, 25.61 ,NA,,NA,,,1.01,2.32,9.07%,6.10%,2.97%,,,,
1880.06,4.79,0.23,0.44,9.23,1880.46,3.89,163.85,7.87, 295.16 ,14.88, 26.80 ,NA,,NA,,,1.01,2.38,8.71%,5.84%,2.87%,,,,
1880.07,5.01,0.24,0.44,9.23,1880.54,3.86,171.37,8.04, 309.92 ,15.19, 27.48 ,NA,,NA,,,1.01,2.39,8.14%,5.80%,2.34%,,,,
1880.08,5.19,0.24,0.45,9.23,1880.62,3.83,177.53,8.21, 322.29 ,15.51, 28.15 ,NA,,NA,,,1.01,2.41,7.11%,5.38%,1.73%,,,,
1880.09,5.18,0.25,0.46,9.32,1880.71,3.81,175.38,8.29, 319.64 ,15.66, 28.54 ,NA,,NA,,,1.01,2.40,6.93%,5.32%,1.61%,,,,
1880.1,5.33,0.25,0.47,9.32,1880.79,3.78,180.46,8.46, 330.19 ,15.97, 29.22 ,NA,,NA,,,1.01,2.41,6.13%,5.28%,0.85%,,,,
1880.11,5.61,0.26,0.48,9.42,1880.87,3.75,188.02,8.55, 345.32 ,16.11, 29.60 ,NA,,NA,,,1.01,2.40,5.15%,5.60%,-0.45%,,,,
1880.12,5.84,0.26,0.49,9.51,1880.96,3.73,193.77,8.63, 357.21 ,16.26, 29.97 ,NA,,NA,,,1.01,2.39,4.59%,5.66%,-1.08%,,,,
1881.01,6.19,0.27,0.49,9.42,1881.04,3.70,207.46,8.88, 383.80 ,16.28, 30.12 ,18.47,,24.14,,-1.05%,1.00,2.42,4.54%,5.65%,-1.11%,,,,
1881.02,6.17,0.27,0.48,9.51,1881.12,3.69,204.72,8.96, 380.12 ,15.98, 29.68 ,18.15,,23.66,,-1.14%,1.00,2.41,4.68%,5.62%,-0.94%,,,,
1881.03,6.24,0.28,0.48,9.51,1881.21,3.69,207.04,9.12, 385.84 ,15.84, 29.53 ,18.27,,23.77,,-1.31%,1.00,2.42,4.24%,5.49%,-1.25%,,,,
1881.04,6.22,0.28,0.47,9.61,1881.29,3.68,204.33,9.20, 382.23 ,15.55, 29.09 ,17.95,,23.31,,-0.75%,1.00,2.40,4.60%,5.46%,-0.87%,,,,
1881.05,6.50,0.29,0.47,9.51,1881.37,3.67,215.67,9.46, 404.90 ,15.57, 29.23 ,18.87,,24.46,,-0.89%,1.00,2.43,4.12%,5.48%,-1.36%,,,,
1881.06,6.58,0.29,0.47,9.51,1881.46,3.67,218.32,9.62, 411.39 ,15.43, 29.07 ,19.03,,24.62,,-0.77%,1.00,2.44,4.03%,5.73%,-1.70%,,,,
1881.07,6.35,0.30,0.46,9.61,1881.54,3.66,208.61,9.69, 394.60 ,15.14, 28.64 ,18.12,,23.40,,-0.40%,1.00,2.43,4.46%,5.96%,-1.50%,,,,
1881.08,6.20,0.30,0.46,9.80,1881.62,3.65,199.72,9.66, 379.32 ,14.71, 27.94 ,17.29,,22.29,,0.21%,1.00,2.39,5.26%,6.16%,-0.91%,,,,
1881.09,6.25,0.31,0.45,10.18,1881.71,3.65,193.81,9.46, 369.58 ,14.03, 26.76 ,16.72,,21.54,,0.56%,1.00,2.31,6.53%,6.69%,-0.17%,,,,
1881.1,6.15,0.31,0.45,10.28,1881.79,3.64,188.94,9.52, 361.82 ,13.77, 26.37 ,16.26,,20.93,,0.67%,1.00,2.29,6.79%,6.79%,0.00%,,,,
1881.11,6.19,0.32,0.44,10.18,1881.87,3.63,191.95,9.77, 369.13 ,13.77, 26.49 ,16.48,,21.19,,0.51%,1.00,2.32,6.58%,6.82%,-0.23%,,,,
1881.12,6.01,0.32,0.44,10.18,1881.96,3.63,186.36,9.92, 359.99 ,13.64, 26.36 ,15.96,,20.51,,0.49%,1.00,2.33,7.21%,6.81%,0.40%,,,,
1882.01,5.92,0.32,0.44,10.18,1882.04,3.62,183.57,9.92, 356.20 ,13.62, 26.43 ,15.68,,20.14,,0.61%,1.00,2.34,7.83%,7.08%,0.75%,,,,
1882.02,5.79,0.32,0.44,10.28,1882.12,3.62,177.88,9.83, 346.74 ,13.47, 26.25 ,15.15,,19.46,,0.92%,1.00,2.33,8.18%,7.17%,1.01%,,,,
1882.03,5.78,0.32,0.44,10.28,1882.21,3.62,177.57,9.83, 347.73 ,13.44, 26.32 ,15.09,,19.38,,0.80%,1.00,2.33,8.59%,7.45%,1.14%,,,,
1882.04,5.78,0.32,0.44,10.37,1882.29,3.62,175.94,9.74, 346.13 ,13.29, 26.15 ,14.92,,19.15,,0.75%,1.00,2.32,8.80%,7.68%,1.12%,,,,
1882.05,5.71,0.32,0.44,10.47,1882.37,3.62,172.23,9.65, 340.42 ,13.15, 25.98 ,14.57,,18.70,,1.00%,1.00,2.30,9.02%,7.77%,1.25%,,,,
1882.06,5.68,0.32,0.44,10.56,1882.46,3.62,169.78,9.57, 337.15 ,13.00, 25.82 ,14.33,,18.39,,1.27%,1.00,2.29,9.10%,7.85%,1.25%,,,,
1882.07,6.00,0.32,0.43,10.47,1882.54,3.63,180.98,9.65, 360.98 ,13.10, 26.12 ,15.24,,19.56,,0.91%,1.00,2.32,8.11%,7.46%,0.65%,,,,
1882.08,6.18,0.32,0.43,10.56,1882.62,3.63,184.73,9.57, 370.05 ,12.95, 25.95 ,15.53,,19.91,,0.80%,1.00,2.30,7.89%,7.41%,0.49%,,,,
1882.09,6.24,0.32,0.43,10.28,1882.71,3.63,191.70,9.83, 385.66 ,13.29, 26.73 ,16.08,,20.62,,0.24%,1.00,2.37,7.21%,7.10%,0.11%,,,,
1882.1,6.07,0.32,0.43,10.18,1882.79,3.63,188.22,9.92, 380.33 ,13.39, 27.05 ,15.76,,20.19,,0.49%,1.00,2.40,7.62%,6.99%,0.62%,,,,
1882.11,5.81,0.32,0.43,10.09,1882.87,3.63,181.86,10.02, 369.16 ,13.48, 27.37 ,15.19,,19.47,,0.35%,1.00,2.43,7.66%,6.61%,1.05%,,,,
1882.12,5.84,0.32,0.43,9.99,1882.96,3.63,184.54,10.11, 376.31 ,13.59, 27.71 ,15.38,,19.70,,0.32%,1.00,2.46,7.24%,6.37%,0.88%,,,,
1883.01,5.81,0.32,0.43,9.99,1883.04,3.63,183.59,10.14, 376.10 ,13.51, 27.67 ,15.27,,19.56,,0.36%,1.00,2.47,7.08%,5.97%,1.12%,,,,
1883.02,5.68,0.32,0.43,10.09,1883.12,3.63,177.79,10.07, 365.93 ,13.30, 27.38 ,14.76,,18.90,,0.47%,1.00,2.45,7.10%,5.94%,1.15%,,,,
1883.03,5.75,0.32,0.42,9.99,1883.21,3.63,181.70,10.19, 375.72 ,13.35, 27.61 ,15.05,,19.27,,0.25%,1.00,2.49,6.72%,6.10%,0.61%,,,,
1883.04,5.87,0.32,0.42,9.90,1883.29,3.63,187.27,10.31, 389.02 ,13.40, 27.83 ,15.48,,19.82,,-0.03%,1.00,2.52,6.52%,6.13%,0.38%,,,,
1883.05,5.77,0.32,0.42,9.80,1883.37,3.63,185.87,10.44, 387.92 ,13.45, 28.07 ,15.34,,19.63,,0.15%,1.00,2.55,5.74%,6.17%,-0.43%,,,,
1883.06,5.82,0.33,0.42,9.51,1883.46,3.63,193.10,10.78, 404.89 ,13.77, 28.87 ,15.90,,20.36,,-0.08%,1.00,2.63,5.09%,6.13%,-1.04%,,,,
1883.07,5.73,0.33,0.41,9.32,1883.54,3.63,194.00,11.03, 408.70 ,13.97, 29.42 ,15.95,,20.41,,-0.29%,1.00,2.70,4.29%,6.19%,-1.90%,,,,
1883.08,5.47,0.33,0.41,9.32,1883.62,3.62,185.20,11.06, 392.09 ,13.88, 29.39 ,15.20,,19.45,,0.02%,1.00,2.70,4.94%,6.62%,-1.68%,,,,
1883.09,5.53,0.33,0.41,9.23,1883.71,3.62,189.16,11.20, 402.46 ,13.94, 29.66 ,15.49,,19.83,,-0.20%,1.00,2.74,5.02%,6.09%,-1.07%,,,,
1883.1,5.38,0.33,0.41,9.23,1883.79,3.62,184.03,11.23, 393.53 ,13.85, 29.62 ,15.05,,19.26,,0.21%,1.00,2.75,5.47%,5.96%,-0.48%,,,,
1883.11,5.46,0.33,0.40,9.13,1883.87,3.62,188.71,11.38, 405.57 ,13.91, 29.90 ,15.41,,19.72,,0.26%,1.00,2.79,5.64%,6.13%,-0.49%,,,,
1883.12,5.34,0.33,0.40,9.23,1883.96,3.62,182.66,11.29, 394.59 ,13.68, 29.56 ,14.90,,19.07,,0.36%,1.00,2.77,5.75%,6.38%,-0.64%,,,,
1884.01,5.18,0.33,0.39,9.23,1884.04,3.62,177.19,11.23, 384.79 ,13.43, 29.16 ,14.43,,18.48,,0.42%,1.00,2.78,6.14%,6.68%,-0.54%,,,,
1884.02,5.32,0.33,0.39,9.23,1884.12,3.61,181.98,11.18, 397.21 ,13.17, 28.75 ,14.81,,18.96,,0.26%,1.00,2.79,6.14%,6.84%,-0.70%,,,,
1884.03,5.30,0.33,0.38,9.23,1884.21,3.60,181.29,11.12, 397.74 ,12.91, 28.33 ,14.74,,18.88,,0.30%,1.00,2.80,6.79%,7.16%,-0.37%,,,,
1884.04,5.06,0.32,0.37,9.04,1884.29,3.60,176.72,11.29, 389.79 ,12.92, 28.50 ,14.35,,18.40,,0.43%,1.00,2.87,7.19%,6.94%,0.25%,,,,
1884.05,4.65,0.32,0.36,8.85,1884.37,3.59,165.90,11.48, 368.02 ,12.93, 28.69 ,13.47,,17.27,,0.77%,1.00,2.94,7.45%,6.73%,0.72%,,,,
1884.06,4.46,0.32,0.36,8.85,1884.46,3.58,159.12,11.4