,1897.62,3.37,228.41,8.66, 942.59 ,13.31, 54.91 ,19.01,,23.84,,-0.06%,1.00,6.44,5.39%,-0.43%,5.83%,,,,
1897.09,4.98,0.18,0.29,6.76,1897.71,3.37,232.72,8.41, 963.29 ,13.32, 55.13 ,19.37,,24.27,,0.25%,1.00,6.28,5.10%,-0.16%,5.27%,,,,
1897.1,4.82,0.18,0.29,6.66,1897.79,3.36,228.46,8.53, 948.60 ,13.90, 57.72 ,19.03,,23.81,,0.09%,1.00,6.39,4.01%,-0.42%,4.43%,,,,
1897.11,4.65,0.18,0.30,6.66,1897.87,3.36,220.41,8.53, 918.10 ,14.30, 59.57 ,18.36,,22.94,,0.17%,1.00,6.41,4.21%,-0.02%,4.23%,,,,
1897.12,4.75,0.18,0.31,6.66,1897.96,3.35,225.15,8.53, 940.80 ,14.69, 61.40 ,18.75,,23.40,,-0.17%,1.00,6.43,4.76%,0.18%,4.58%,,,,
1898.01,4.88,0.18,0.31,6.66,1898.04,3.35,231.31,8.61, 969.55 ,14.85, 62.25 ,19.25,,23.99,,-0.42%,1.00,6.45,5.05%,0.28%,4.77%,,,,
1898.02,4.87,0.18,0.32,6.76,1898.12,3.33,227.58,8.57, 956.93 ,14.80, 62.23 ,18.92,,23.55,,-0.06%,1.00,6.39,4.97%,0.53%,4.45%,,,,
1898.03,4.65,0.19,0.32,6.76,1898.21,3.31,217.30,8.65, 916.73 ,14.95, 63.09 ,18.04,,22.44,,0.22%,1.00,6.42,5.90%,0.52%,5.38%,,,,
1898.04,4.57,0.19,0.32,6.76,1898.29,3.29,213.56,8.72, 904.03 ,15.11, 63.95 ,17.71,,22.00,,0.46%,1.00,6.45,6.54%,0.41%,6.14%,,,,
1898.05,4.87,0.19,0.33,7.23,1898.37,3.27,212.61,8.22, 902.89 ,14.26, 60.57 ,17.60,,21.84,,1.30%,1.00,6.05,7.17%,1.09%,6.08%,,,,
1898.06,5.06,0.19,0.33,6.76,1898.46,3.25,236.46,8.88," 1,007.32 ",15.42, 65.69 ,19.54,,24.23,,0.20%,1.00,6.51,6.06%,0.39%,5.67%,,,,
1898.07,5.08,0.19,0.33,6.66,1898.54,3.23,240.79,9.09," 1,028.98 ",15.80, 67.51 ,19.86,,24.60,,-0.11%,1.00,6.63,6.15%,0.14%,6.01%,,,,
1898.08,5.27,0.19,0.34,6.66,1898.62,3.20,249.79,9.16," 1,070.73 ",15.96, 68.41 ,20.54,,25.42,,-0.26%,1.00,6.66,6.22%,0.13%,6.09%,,,,
1898.09,5.26,0.20,0.34,6.66,1898.71,3.18,249.32,9.24," 1,072.00 ",16.12, 69.29 ,20.44,,25.26,,-0.21%,1.00,6.69,6.13%,0.13%,6.01%,,,,
1898.1,5.15,0.20,0.34,6.66,1898.79,3.16,244.11,9.32," 1,052.92 ",16.27, 70.19 ,19.95,,24.63,,-0.19%,1.00,6.72,6.38%,0.01%,6.37%,,,,
1898.11,5.32,0.20,0.35,6.66,1898.87,3.14,252.16,9.40," 1,091.05 ",16.43, 71.10 ,20.53,,25.32,,-0.42%,1.00,6.75,6.63%,-0.10%,6.73%,,,,
1898.12,5.65,0.20,0.35,6.76,1898.96,3.12,264.03,9.35," 1,145.78 ",16.36, 70.98 ,21.40,,26.37,,-0.46%,1.00,6.68,6.27%,-0.07%,6.34%,,,,
1899.01,6.08,0.20,0.36,6.76,1899.04,3.10,284.13,9.38," 1,236.38 ",16.86, 73.37 ,22.93,,28.22,,-0.41%,1.00,6.71,5.65%,0.03%,5.62%,,,,
1899.02,6.31,0.20,0.37,6.95,1899.12,3.10,286.80,9.17," 1,251.32 ",16.89, 73.71 ,23.05,,28.33,,-0.04%,1.00,6.54,5.15%,0.21%,4.94%,,,,
1899.03,6.40,0.20,0.38,6.95,1899.21,3.11,290.89,9.20," 1,272.51 ",17.39, 76.05 ,23.28,,28.57,,0.03%,1.00,6.56,5.15%,0.20%,4.95%,,,,
1899.04,6.48,0.20,0.39,7.04,1899.29,3.11,290.55,9.12," 1,274.33 ",17.63, 77.34 ,23.15,,28.37,,0.19%,1.00,6.48,5.42%,0.13%,5.29%,,,,
1899.05,6.21,0.20,0.40,7.04,1899.37,3.12,278.44,9.16," 1,224.58 ",18.12, 79.71 ,22.09,,27.03,,0.63%,1.00,6.50,6.12%,0.03%,6.09%,,,,
1899.06,6.07,0.21,0.42,7.14,1899.46,3.12,268.53,9.07," 1,184.34 ",18.36, 80.97 ,21.21,,25.92,,0.95%,1.00,6.42,6.59%,0.06%,6.53%,,,,
1899.07,6.28,0.21,0.43,7.23,1899.54,3.13,274.17,8.98," 1,212.49 ",18.59, 82.21 ,21.56,,26.31,,1.00%,1.00,6.35,6.53%,0.19%,6.34%,,,,
1899.08,6.44,0.21,0.44,7.33,1899.62,3.13,277.50,8.91," 1,230.51 ",18.82, 83.44 ,21.73,,26.47,,1.09%,1.00,6.29,6.55%,0.22%,6.33%,,,,
1899.09,6.37,0.21,0.45,7.61,1899.71,3.13,264.19,8.61," 1,174.68 ",18.56, 82.52 ,20.59,,25.04,,1.60%,1.00,6.06,6.99%,0.50%,6.49%,,,,
1899.1,6.34,0.21,0.46,7.71,1899.79,3.14,259.70,8.53," 1,157.87 ",18.77, 83.70 ,20.15,,24.48,,1.82%,1.00,6.00,7.02%,0.43%,6.59%,,,,
1899.11,6.46,0.21,0.47,7.80,1899.87,3.14,261.39,8.46," 1,168.55 ",18.99, 84.87 ,20.20,,24.49,,1.93%,1.00,5.94,6.80%,0.46%,6.34%,,,,
1899.12,6.02,0.21,0.48,7.90,1899.96,3.15,240.65,8.39," 1,078.96 ",19.19, 86.03 ,18.51,,22.42,,2.38%,1.00,5.88,7.72%,0.48%,7.24%,,,,
1900.01,6.10,0.22,0.48,7.90,1900.04,3.15,243.85,8.69," 1,096.55 ",19.19, 86.29 ,18.67,,22.59,,2.57%,1.00,5.90,7.45%,0.58%,6.88%,,,,
1900.02,6.21,0.23,0.48,7.99,1900.12,3.15,245.29,8.89," 1,106.36 ",18.96, 85.52 ,18.70,,22.60,,2.69%,1.00,5.84,7.01%,0.69%,6.31%,,,,
1900.03,6.26,0.23,0.48,7.99,1900.21,3.14,247.27,9.18," 1,118.72 ",18.96, 85.78 ,18.78,,22.66,,2.67%,1.00,5.86,6.99%,0.50%,6.48%,,,,
1900.04,6.34,0.24,0.48,7.99,1900.29,3.14,250.43,9.48," 1,136.59 ",18.96, 86.05 ,18.94,,22.83,,2.63%,1.00,5.88,6.50%,0.41%,6.09%,,,,
1900.05,6.04,0.25,0.48,7.80,1900.37,3.13,244.40,10.01," 1,113.01 ",19.42, 88.45 ,18.40,,22.17,,2.42%,1.00,6.04,6.79%,0.35%,6.44%,,,,
1900.06,5.86,0.26,0.48,7.71,1900.46,3.13,240.04,10.45," 1,097.14 ",19.66, 89.87 ,17.99,,21.67,,2.43%,1.00,6.13,6.56%,0.32%,6.24%,,,,
1900.07,5.86,0.26,0.48,7.80,1900.54,3.13,237.11,10.62," 1,087.80 ",19.42, 89.10 ,17.69,,21.29,,2.65%,1.00,6.08,6.15%,0.44%,5.70%,,,,
1900.08,5.94,0.27,0.48,7.71,1900.62,3.12,243.32,11.06," 1,120.49 ",19.66, 90.54 ,18.07,,21.75,,2.05%,1.00,6.17,6.24%,0.42%,5.82%,,,,
1900.09,5.80,0.28,0.48,7.80,1900.71,3.12,234.68,11.23," 1,085.05 ",19.42, 89.80 ,17.34,,20.87,,2.29%,1.00,6.11,6.80%,0.64%,6.16%,,,,
1900.1,6.01,0.29,0.48,7.71,1900.79,3.11,246.18,11.67," 1,142.72 ",19.66, 91.27 ,18.10,,21.78,,1.93%,1.00,6.21,7.09%,0.81%,6.28%,,,,
1900.11,6.48,0.29,0.48,7.71,1900.87,3.11,265.44,11.98," 1,236.71 ",19.66, 91.61 ,19.42,,23.37,,1.80%,1.00,6.22,6.50%,1.02%,5.48%,,,,
1900.12,6.87,0.30,0.48,7.61,1900.96,3.10,284.93,12.44," 1,332.37 ",19.91, 93.09 ,20.74,,24.95,,1.35%,1.00,6.32,5.45%,0.89%,4.56%,,,,
1901.01,7.07,0.30,0.48,7.71,1901.04,3.10,289.60,12.36," 1,359.04 ",19.73, 92.60 ,20.98,,25.22,,1.54%,1.00,6.26,5.54%,1.01%,4.53%,,,,
1901.02,7.25,0.30,0.48,7.61,1901.12,3.11,300.69,12.58," 1,415.98 ",20.04, 94.39 ,21.68,,26.05,,1.14%,1.00,6.35,5.67%,1.22%,4.45%,,,,
1901.03,7.51,0.31,0.49,7.61,1901.21,3.11,311.47,12.65," 1,471.73 ",20.12, 95.04 ,22.35,,26.84,,0.87%,1.00,6.37,5.07%,1.12%,3.95%,,,,
1901.04,8.14,0.31,0.49,7.52,1901.29,3.12,341.88,12.88," 1,620.45 ",20.44, 96.89 ,24.41,,29.29,,0.25%,1.00,6.46,4.40%,1.33%,3.07%,,,,
1901.05,7.73,0.31,0.49,7.52,1901.37,3.13,324.66,12.95," 1,543.95 ",20.51, 97.53 ,23.06,,27.66,,0.60%,1.00,6.47,5.17%,1.34%,3.83%,,,,
1901.06,8.50,0.31,0.49,7.52,1901.46,3.13,357.00,13.02," 1,702.90 ",20.58, 98.17 ,25.24,,30.24,,0.46%,1.00,6.49,4.39%,1.35%,3.04%,,,,
1901.07,7.93,0.31,0.49,7.61,1901.54,3.14,328.89,12.93," 1,573.99 ",20.39, 97.60 ,23.14,,27.71,,1.06%,1.00,6.42,5.10%,1.38%,3.72%,,,,
1901.08,8.04,0.31,0.49,7.71,1901.62,3.15,329.34,12.83," 1,581.24 ",20.21, 97.02 ,23.08,,27.61,,1.19%,1.00,6.35,4.25%,1.20%,3.06%,,,,
1901.09,8.00,0.32,0.50,7.80,1901.71,3.15,323.70,12.75," 1,559.28 ",20.03, 96.48 ,22.59,,27.01,,1.52%,1.00,6.29,3.76%,1.23%,2.53%,,,,
1901.1,7.91,0.32,0.50,7.80,1901.79,3.16,320.06,12.81," 1,546.88 ",20.10, 97.13 ,22.25,,26.59,,1.58%,1.00,6.30,3.94%,1.24%,2.71%,,,,
1901.11,8.08,0.32,0.50,7.90,1901.87,3.17,323.00,12.72," 1,566.22 ",19.92, 96.59 ,22.38,,26.71,,1.80%,1.00,6.24,4.38%,1.48%,2.90%,,,,
1901.12,7.95,0.32,0.50,7.99,1901.96,3.17,314.02,12.64," 1,527.78 ",19.75, 96.09 ,21.68,,25.87,,2.05%,1.00,6.17,4.84%,1.71%,3.12%,,,,
1902.01,8.12,0.32,0.51,7.90,1902.04,3.18,324.60,12.82," 1,584.45 ",20.42, 99.67 ,22.34,,26.64,,2.05%,1.00,6.26,4.40%,1.50%,2.91%,,,,
1902.02,8.19,0.32,0.52,7.90,1902.12,3.19,327.40,12.86," 1,603.34 ",20.86, 102.13 ,22.46,,26.76,,2.02%,1.00,6.27,4.13%,1.38%,2.75%,,,,
1902.03,8.20,0.32,0.53,7.90,1902.21,3.20,327.80,12.89," 1,610.56 ",21.29, 104.59 ,22.41,,26.67,,2.28%,1.00,6.28,4.21%,1.16%,3.05%,,,,
1902.04,8.48,0.32,0.54,7.99,1902.29,3.21,334.96,12.77," 1,650.95 ",21.46, 105.77 ,22.82,,27.14,,2.45%,1.00,6.22,4.00%,0.96%,3.04%,,,,
1902.05,8.46,0.32,0.55,8.09,1902.37,3.22,330.23,12.66," 1,632.88 ",21.63, 106.97 ,22.43,,26.64,,2.63%,1.00,6.16,4.15%,1.07%,3.08%,,,,
1902.06,8.41,0.33,0.57,8.18,1902.46,3.23,324.47,12.54," 1,609.52 ",21.80, 108.13 ,21.96,,26.06,,2.84%,1.00,6.10,4.44%,1.27%,3.17%,,,,
1902.07,8.60,0.33,0.58,8.18,1902.54,3.24,331.80,12.57," 1,651.08 ",22.21, 110.55 ,22.39,,26.53,,2.47%,1.00,6.11,4.23%,1.26%,2.97%,,,,
1902.08,8.83,0.33,0.59,8.09,1902.62,3.25,344.68,12.75," 1,720.47 ",22.90, 114.31 ,23.17,,27.42,,2.06%,1.00,6.19,3.98%,1.03%,2.95%,,,,
1902.09,8.85,0.33,0.60,8.18,1902.71,3.26,341.44,12.64," 1,709.57 ",23.05, 115.42 ,22.86,,27.02,,2.23%,1.00,6.13,4.04%,1.03%,3.00%,,,,
1902.1,8.57,0.33,0.61,8.75,1902.79,3.27,309.07,11.84," 1,552.45 ",21.94, 110.19 ,20.60,,24.33,,3.38%,1.00,5.74,5.07%,1.71%,3.36%,,,,
1902.11,8.24,0.33,0.62,8.47,1902.87,3.28,307.19,12.27," 1,548.14 ",23.08, 116.34 ,20.41,,24.08,,2.82%,1.00,5.95,5.02%,1.36%,3.66%,,,,
1902.12,8.05,0.33,0.63,8.56,1902.96,3.29,296.77,12.17," 1,500.74 ",23.23, 117.45 ,19.63,,23.15,,2.99%,1.00,5.89,5.11%,1.56%,3.55%,,,,
1903.01,8.46,0.33,0.62,8.66,1903.04,3.30,308.46,12.09," 1,564.94 ",22.67, 115.00 ,20.32,,23.93,,2.55%,1.00,5.84,4.52%,1.56%,2.96%,,,,
1903.02,8.41,0.33,0.61,8.66,1903.12,3.31,306.64,12.15," 1,560.82 ",22.36, 113.82 ,20.11,,23.67,,2.47%,1.00,5.85,4.22%,1.59%,2.63%,,,,
1903.03,8.08,0.34,0.61,8.37,1903.21,3.32,304.65,12.63," 1,556.06 ",22.81, 116.51 ,19.88,,23.40,,2.42%,1.00,6.06,4.10%,1.29%,2.81%,,,,
1903.04,7.75,0.34,0.60,8.37,1903.29,3.33,292.21,12.69," 1,497.91 ",22.50, 115.33 ,18.98,,22.33,,2.78%,1.00,6.08,4.53%,1.33%,3.21%,,,,
1903.05,7.60,0.34,0.59,8.18,1903.37,3.33,293.22,13.05," 1,508.66 ",22.70, 116.78 ,18.95,,22.29,,2.67%,1.00,6.23,4.32%,1.23%,3.09%,,,,
1903.06,7.18,0.34,0.58,8.18,1903.46,3.34,277.01,13.12," 1,430.91 ",22.38, 115.59 ,17.82,,20.96,,3.25%,1.00,6.24,4.28%,1.16%,3.12%,,,,
1903.07,6.85,0.34,0.57,8.18,1903.54,3.35,264.28,13.18," 1,370.82 ",22.06, 114.41 ,16.92,,19.91,,3.80%,1.00,6.26,4.82%,1.10%,3.72%,,,,
1903.08,6.63,0.34,0.56,8.18,1903.62,3.36,255.79,13.24," 1,332.52 ",21.73, 113.21 ,16.30,,19.19,,4.43%,1.00,6.27,5.44%,1.13%,4.31%,,,,
1903.09,6.47,0.35,0.56,8.28,1903.71,3.37,246.75,13.16," 1,291.12 ",21.17, 110.75 ,15.65,,18.45,,4.38%,1.00,6.21,5.82%,1.18%,4.64%,,,,
1903.1,6.26,0.35,0.55,8.18,1903.79,3.38,241.52,13.38," 1,269.58 ",21.09, 110.88 ,15.25,,18.00,,4.29%,1.00,6.30,5.71%,1.10%,4.61%,,,,
1903.11,6.28,0.35,0.54,8.09,1903.87,3.38,245.14,13.60," 1,294.57 ",21.01, 110.97 ,15.41,,18.20,,4.37%,1.00,6.38,5.18%,0.91%,4.26%,,,,
1903.12,6.57,0.35,0.53,8.09,1903.96,3.39,256.46,13.66," 1,360.36 ",20.69, 109.74 ,16.04,,18.97,,4.24%,1.00,6.40,4.80%,1.05%